"TOA5","MAT89_CR23XPB_7","","","","","","Daily"
"TIMESTAMP","RECORD","BattV_MIN","ProgSig","CT_Temp_AVG","CT_Temp_MAX","CT_Temp_MIN","GH_Temp_AVG","GH_Temp_MAX","GH_Temp_MIN","SH_Temp_AVG","SH_Temp_MAX","SH_Temp_MIN","WS_ms_AVG","WS_ms_MAX","WS_ms_MIN","Rain_mm_TOT"
"TS","RN","","","","","","","","","","","","","","",""
"","","","","","","","","","","","","","","","",""
"2023-06-30 00:00:00",135,12.62,3024,14.58,19.89,10.69,-82.4,-76.76,-88.8,-77.71,-73.93,-80.2,2.446,7.087,0,5.588
"2023-07-01 00:00:00",136,12.52,3024,15.94,19.34,10.67,-79.68,-68.71,-91,-75.69,-68.46,-84.4,4.456,8.62,0.46,0.254
"2023-07-02 00:00:00",137,12.48,3024,8.98,10.99,7.378,-74.96,-68.28,-82.1,-74.12,-70.24,-79.83,2.711,5.807,0.46,2.286
"2023-07-03 00:00:00",138,12.63,3024,15.31,22.32,6.472,-63.62,-50.92,-80.5,-67.7,-60.85,-76.82,3.042,7.207,0.54,0.508
"2023-07-04 00:00:00",139,12.66,3024,18.14,25,10.45,-85.7,-77.81,-97.9,-79.34,-73.36,-87.8,3.362,9.46,0,0
"2023-07-05 00:00:00",140,12.57,3024,12.32,14.78,7.92,-75.2,-68.04,-83.2,-73.69,-68.75,-79.7,2.874,7.434,0,8.13
"2023-07-06 00:00:00",141,12.7,3024,12.73,17.14,4.795,-76.86,-69.97,-83.3,-75.17,-71.16,-79.24,3.644,7.847,0,0
"2023-07-07 00:00:00",142,12.55,3024,13.65,16.34,10.45,-80.5,-79.52,-82.6,-76.94,-75.76,-78.46,3.35,7.394,0.567,0
"2023-07-08 00:00:00",143,12.63,3024,15,20.18,10.71,-81.6,-77.49,-88.9,-77.2,-73.41,-81.8,3.247,8.19,0.487,2.032
"2023-07-09 00:00:00",144,12.45,3024,9.65,11.59,8.84,-68.16,-56.52,-78.55,-70.34,-65.75,-76.39,3.96,8.07,0,54.86
"2023-07-10 00:00:00",145,12.55,3024,12.5,16.5,8.05,-55.58,-43.87,-70.85,-66.73,-60.78,-73.43,3.579,7.727,0,0
"2023-07-11 00:00:00",146,12.58,3024,13.54,17.59,8.85,-73.9,-67.48,-80.9,-73.74,-70.26,-77.43,3.825,7.26,0,0
"2023-07-12 00:00:00",147,12.61,3024,12.95,18,7.56,-79.79,-77.01,-84.5,-76.26,-73.17,-79.2,2.107,5.087,0,0.508
"2023-07-13 00:00:00",148,12.44,3024,10.14,13.75,7.752,-65.25,-55.29,-77.57,-69.12,-64.64,-75.41,2.625,7.154,0,18.29
"2023-07-14 00:00:00",149,12.67,3024,12.5,17.93,5.473,-57.96,-47.93,-69.49,-67.47,-62.02,-72.79,2.995,5.874,0,0.254
"2023-07-15 00:00:00",150,12.46,3024,12.53,18.13,8.85,-62.65,-52.98,-70.14,-69.58,-64.14,-73.4,3.411,8.09,0,3.556
"2023-07-16 00:00:00",151,12.55,3024,8.89,12.13,6.505,-67.07,-63.72,-70.18,-71.78,-69.01,-73.37,2.663,5.434,0,0.254
"2023-07-17 00:00:00",152,12.51,3024,7.513,11.28,4.978,-57.84,-50.7,-66.11,-68.51,-65.58,-71.65,2.622,4.54,0,1.524
"2023-07-18 00:00:00",153,12.55,3024,12.36,17.8,7.409,-46.99,-39.44,-53.49,-64.61,-60.4,-68.19,2.083,5.087,0,0.762
"2023-07-19 00:00:00",154,12.51,3024,14.41,18.62,9.14,-63.82,-43.97,-87.1,-71.89,-62.34,-82.8,1.928,4.34,0,0
"2023-07-20 00:00:00",155,12.47,3024,16.51,21.79,10.59,-89.7,-81.7,-99,-85.6,-80.4,-91.1,2.552,6.154,0,0
"2023-07-21 00:00:00",156,12.45,3024,17.55,22.73,11.63,-90.6,-83.5,-100.7,-86,-81.9,-91.3,2.472,6.207,0,0.254
"2023-07-22 00:00:00",157,12.45,3024,18.26,22.79,11.65,-91.4,-83.2,-101.4,-86.8,-81.7,-92.9,4.15,8.58,0,0
"2023-07-23 00:00:00",158,12.45,3024,19.01,23.22,13.65,-94.5,-84.8,-103.9,-88.8,-83,-94.4,2.393,5.554,0,0
"2023-07-24 00:00:00",159,12.47,3024,19.36,25.1,10.49,-94.1,-82.3,-105.4,-88.1,-81.1,-94.3,2.472,6.5,0,0
"2023-07-25 00:00:00",160,12.45,3024,19.78,25.77,11.97,-93.6,-83.2,-103.2,-87.3,-81.6,-92.7,3.535,9.21,0,0
"2023-07-26 00:00:00",161,12.45,3024,18.58,24.01,12.24,-90.5,-83,-100.5,-84.7,-81.3,-89.5,2.955,5.407,0,0
"2023-07-27 00:00:00",162,12.44,3024,18.34,24.84,11.81,-88,-81.5,-96.6,-81.6,-78.78,-85.8,2.589,6.727,0,0.508
"2023-07-28 00:00:00",163,12.44,3024,18.16,24.1,13.77,-84.7,-80.6,-91.7,-78.73,-76.39,-82.6,3.04,11.55,0,0.508
"2023-07-29 00:00:00",164,12.46,3024,17.11,22.45,11.5,-79.58,-75.84,-83.5,-75.11,-71.89,-77.22,2.6,6.687,0,0.254
"2023-07-30 00:00:00",165,12.43,3024,17.97,23.46,12.45,-81.5,-76.46,-90.3,-76.55,-73.65,-81.2,2.896,5.767,0,1.524
"2023-07-31 00:00:00",166,12.42,3024,11.52,14.05,10.14,-74.72,-70.37,-81.3,-73.9,-71.66,-78.49,2.661,5.567,0,3.302
"2023-08-01 00:00:00",167,12.43,3024,12.41,17.81,7.199,-65.14,-58.29,-71.25,-69.95,-65.5,-72.99,1.521,4.114,0,1.27
"2023-08-02 00:00:00",168,12.46,3024,13.33,18.43,10.46,-60.25,-54.83,-67.27,-68.69,-65.15,-72.35,2.12,6.327,0,0.508
"2023-08-03 00:00:00",169,12.45,3024,11.83,15.43,9.19,-61.31,-55.47,-67.65,-69.73,-66.05,-72.48,2.035,5.527,0,3.048
"2023-08-04 00:00:00",170,12.43,3024,11.43,15.18,6.329,-59.48,-54.64,-67.89,-69.42,-66.59,-73.07,2.008,3.794,0,2.032
"2023-08-05 00:00:00",171,12.48,3024,14.34,20.8,4.882,-67.52,-57.89,-76.59,-70.9,-66.81,-75.07,2.698,4.327,0.46,0
"2023-08-06 00:00:00",172,12.41,3024,18.15,23.99,9.3,-80.6,-71.11,-90.1,-75.98,-71.03,-81.1,4.13,8.29,0.74,0
"2023-08-07 00:00:00",173,12.42,3024,15.48,23.86,11.01,-81.6,-77.48,-88.1,-77.44,-75.06,-80.4,3.627,11.17,0,6.604
"2023-08-08 00:00:00",174,12.4,3024,17.38,23.62,10.38,-76.54,-69.62,-83.1,-73.39,-69.11,-77.2,3.233,6.86,0,0
"2023-08-09 00:00:00",175,12.42,3024,15.43,20.05,10.72,-72.52,-68.17,-79.61,-72.36,-69.11,-76.59,2.483,8.19,0,1.27
"2023-08-10 00:00:00",176,12.42,3024,10.3,11.71,8.46,-65.99,-61.32,-71.2,-70.98,-69.36,-73.23,1.45,3.114,0,0.254
"2023-08-11 00:00:00",177,12.41,3024,9.44,10.58,7.342,-57.73,-55.23,-61.5,-68.69,-67.97,-69.86,1.844,3.7,0,0.508
"2023-08-12 00:00:00",178,12.38,3024,7.674,9.64,5.059,-52.65,-49,-56.48,-67.54,-66.49,-68.48,2.4,4.567,0,0.508
"2023-08-13 00:00:00",179,12.42,3024,5.152,8.45,3.481,-51.89,-46.08,-54.56,-67.54,-65.02,-68.85,2.78,5.34,1.02,0.254
"2023-08-14 00:00:00",180,12.48,3024,5,8.64,0.659,-53.37,-49.07,-58.43,-68.82,-67.17,-70.79,2.079,3.98,0,0
"2023-08-15 00:00:00",181,12.45,3024,9.01,17.05,2.725,-54.12,-46.9,-59.65,-68.7,-65.08,-70.93,1.865,5.407,0,2.286
"2023-08-16 00:00:00",182,12.39,3024,11.2,15.78,8.07,-48.79,-42.82,-55.7,-66.59,-63.66,-69.14,2.727,5.7,0,5.334
"2023-08-17 00:00:00",183,12.41,3024,11.18,15.3,7.852,-45.47,-40.43,-49.88,-65.71,-62.77,-67.59,1.345,4.86,0,0.508
"2023-08-18 00:00:00",184,12.43,3024,11.25,14.6,7.543,-45.43,-41.07,-49.32,-66.12,-63.83,-68.13,3.485,6.18,1.154,0.762
"2023-08-19 00:00:00",185,12.37,3024,6.869,9.64,5.106,-47.46,-45.14,-50.09,-66.92,-65.99,-68.15,2.921,5.887,0,14.99
"2023-08-20 00:00:00",186,12.44,3024,7.111,9.9,3.698,-41.34,-37.81,-46.48,-64.62,-63.03,-66.44,2.89,7.607,0,10.67
"2023-08-21 00:00:00",187,12.46,3024,5.836,9.44,2.252,-39.15,-33.87,-44.34,-63.42,-61.42,-65.67,1.894,4.7,0,2.032
"2023-08-22 00:00:00",188,12.44,3024,6.709,10.05,2.81,-36.13,-30.87,-40.78,-61.84,-59.4,-64.32,2.783,6.247,0,6.096
"2023-08-23 00:00:00",189,12.48,3024,8.21,14.01,0.048,-40.53,-32.73,-56.78,-63.6,-59.27,-69.35,4.065,10.02,0,6.604
"2023-08-24 00:00:00",190,12.36,3024,2.315,7.11,-0.957,-53.29,-47.55,-56.86,-68.21,-66.4,-69.37,1.007,3.58,0,5.588
"2023-08-25 00:00:00",191,12.46,3024,4.087,7.552,1.416,-51.68,-45.14,-56.83,-67.4,-64.85,-69.24,2.677,5.727,0,1.778
"2023-08-26 00:00:00",192,12.41,3024,2.905,4.474,0.705,-50.05,-45.71,-54.32,-66.82,-65.47,-68.49,2.086,4.367,0,13.97
"2023-08-27 00:00:00",193,12.45,3024,9.06,13.79,2.599,-40.57,-35.25,-46.86,-62.88,-59.85,-66,3.301,6.78,0,1.524
"2023-08-28 00:00:00",194,12.4,3024,12.99,17.69,7.031,-41.87,-35.68,-60.5,-63.18,-59.02,-71.05,5.363,9.15,1.94,0
"2023-08-29 00:00:00",195,12.36,3024,2.747,8.09,-0.429,-60.26,-56.59,-63.2,-70.24,-68.86,-71.32,2.858,6.74,0,0.762
"2023-08-30 00:00:00",196,12.45,3024,1.643,4.689,-1.201,-55.23,-49.68,-61.34,-68.41,-66.72,-70.38,2.104,5.407,0,0.762
"2023-08-31 00:00:00",197,12.42,3024,5.786,11.07,1.265,-45.01,-37.68,-51.95,-64.9,-61.35,-67.59,1.277,3.527,0,1.016
"2023-09-01 00:00:00",198,12.4,3024,9.08,14.24,5.72,-41.14,-36.22,-47.44,-63.29,-60.02,-66.37,1.952,6.06,0,0.762
"2023-09-02 00:00:00",199,12.38,3024,6.928,9.3,3.646,-42.53,-37.97,-47.97,-63.92,-61.93,-66.41,2.36,4.714,0,10.92
"2023-09-03 00:00:00",200,12.36,3024,3.797,8.78,0.884,-41.36,-34.58,-45.86,-63.32,-60.08,-65.28,2.229,5.46,0,4.318
"2023-09-04 00:00:00",201,12.45,3024,6.831,8.82,3.393,-44.34,-40.49,-52.91,-64.73,-62.91,-68.42,4.765,8.62,0.5,0
"2023-09-05 00:00:00",202,12.37,3024,2.769,6.446,-0.663,-54.6,-48.94,-59.31,-68.45,-66.37,-69.95,2.934,8.23,0,3.302
"2023-09-06 00:00:00",203,12.45,3024,6.16,8.52,2.471,-52.13,-49.42,-57.83,-67.33,-66.14,-69.61,5.189,9.19,0.594,0.254
"2023-09-07 00:00:00",204,12.36,3024,4.868,6.921,2.135,-56.85,-53.72,-60.18,-68.87,-67.34,-70.24,3.218,6.46,0,0.254
"2023-09-08 00:00:00",205,12.35,3024,0.233,2.151,-0.709,-56.8,-54.5,-59.45,-68.34,-67.36,-69.42,2.902,4.42,1.407,4.318
"2023-09-09 00:00:00",206,12.4,3024,0.678,4.434,-2.612,-51.73,-45.08,-58.85,-66.55,-64.14,-68.94,2.465,4.474,0,0
"2023-09-10 00:00:00",207,12.46,3024,4.556,9.68,-2.1,-48.96,-40.3,-59.41,-65.22,-60.99,-69.05,2.478,6.394,0,0.254
"2023-09-11 00:00:00",208,12.43,3024,7.47,11.04,2.949,-44.3,-37.1,-53.36,-63.9,-60.08,-68,2.735,5.767,0,0
"2023-09-12 00:00:00",209,12.37,3024,6.389,8.69,4.029,-46.17,-42.61,-52.89,-64.94,-63.2,-67.44,2.21,4.18,0,0
"2023-09-13 00:00:00",210,12.35,3024,4.022,5.146,2.633,-44.04,-40.94,-47.03,-63.97,-62.6,-65.4,2.354,4.62,0,5.08
"2023-09-14 00:00:00",211,12.34,3024,4.266,8.41,0.006,-40.81,-33.6,-50.71,-62.28,-57.41,-66.39,2.042,3.78,0,0.254
"2023-09-15 00:00:00",212,12.4,3024,4.189,9.77,-1.625,-45.83,-37.05,-53.15,-64.13,-59.34,-67.53,2.664,5.06,0,0
"2023-09-16 00:00:00",213,12.4,3024,3.212,6.768,-0.855,-46.37,-38.88,-53.38,-64.91,-61.73,-67.59,2.297,4.5,0,0
"2023-09-17 00:00:00",214,12.4,3024,3.663,7.955,-1.478,-47.23,-39.87,-53.49,-64.99,-61.45,-67.38,3.182,5.9,0,0
"2023-09-18 00:00:00",215,12.39,3024,1.395,3.466,-0.324,-50.32,-44.04,-55.45,-66.51,-63.95,-68.3,1.881,3.62,0,0
"2023-09-19 00:00:00",216,12.4,3024,1.043,3.962,-0.281,-48.69,-42.94,-53.25,-65.67,-63.14,-67.14,1.869,5.087,0,1.016
"2023-09-20 00:00:00",217,12.39,3024,1.745,5.999,-2.892,-48.21,-41.78,-56.39,-65.25,-61.24,-68.54,2.461,6.26,0,0
"2023-09-21 00:00:00",218,12.4,3024,-0.326,3.856,-3.731,-54.81,-46.99,-59.86,-67.65,-64.25,-69.59,3.069,4.927,0,0
"2023-09-22 00:00:00",219,12.39,3024,-2.884,-1.743,-3.816,-57.39,-55.58,-59.51,-68.47,-67.76,-69.38,3.286,6.3,0.927,0
"2023-09-23 00:00:00",220,12.41,3024,-3.733,-1.894,-6.332,-55.86,-51.5,-60.33,-67.74,-66.39,-68.86,2.102,5.02,0,0
"2023-09-24 00:00:00",221,12.42,3024,-3.887,-1.3,-9.18,-54.65,-49.29,-61.78,-67.36,-65.59,-69.51,1.408,4.047,0,0
"2023-09-25 00:00:00",222,12.43,3024,-6.911,-1.964,-11.29,-60.5,-49.22,-65.32,-68.83,-66.06,-69.93,3.653,4.914,2.22,0
"2023-09-26 00:00:00",223,12.47,3024,-5.816,3.297,-9.36,-61.41,-51.98,-66.1,-69.18,-66.85,-70.31,3.359,5.207,0,0
"2023-09-27 00:00:00",224,12.48,3024,-6.217,-1.997,-10.25,-62.77,-54.65,-66.45,-69.6,-67.81,-70.36,3.349,5.647,0,0
"2023-09-28 00:00:00",225,12.47,3024,-3.343,-1.729,-4.983,-59.9,-56.47,-61.94,-69.07,-68.06,-69.67,2.156,3.167,0.794,0
"2023-09-29 00:00:00",226,12.42,3024,-2.997,-0.198,-8.03,-60.8,-54.92,-64.69,-69.37,-67.62,-70.32,4.393,7.874,2.354,0
"2023-09-30 00:00:00",227,12.46,3024,-0.819,4.486,-5.49,-61.87,-55.46,-67.51,-69.77,-67.5,-71.16,3.455,7.954,0,3.302
"2023-10-01 00:00:00",228,12.4,3024,-2.358,3.45,-7.68,-65.88,-60.12,-69.94,-70.83,-69.41,-71.72,3.832,6.754,1.007,0
"2023-10-02 00:00:00",229,12.44,3024,-5.641,-2.79,-9.33,-68.55,-66.57,-70.18,-71.44,-71.2,-71.63,2.525,4.927,0,0
"2023-10-03 00:00:00",230,12.43,3024,-7.067,-4.607,-11.23,-67.5,-65.98,-69.07,-71.06,-70.67,-71.3,3.286,6.447,0.954,0
"2023-10-04 00:00:00",231,12.43,3024,-8.47,-6.4,-15.21,-67.31,-65.14,-69.98,-70.84,-70.38,-71.12,3.817,6.86,1.594,0
"2023-10-05 00:00:00",232,12.18,3024,-12.43,-7.812,-15.64,-69.09,-67.07,-70.04,-71.03,-70.86,-71.19,4.343,5.754,1.994,0
"2023-10-06 00:00:00",233,12.53,3024,-13.58,-8.55,-16.74,-69.75,-67.76,-70.56,-71.08,-70.93,-71.28,3.543,5.58,0,0
"2023-10-07 00:00:00",234,12.53,3024,-11.74,-8.24,-16.97,-68.92,-66.93,-70.58,-71.09,-70.93,-71.23,2.062,4.007,0,0
"2023-10-08 00:00:00",235,12.48,3024,-13.07,-9.69,-20.03,-69.34,-67.48,-70.67,-71.11,-70.9,-71.32,1.824,4.14,0,0
"2023-10-09 00:00:00",236,12.48,3024,-17.59,-11.37,-21.6,-70.44,-69.37,-70.7,-71.06,-70.87,-71.36,1.939,3.394,0,0
"2023-10-10 00:00:00",237,12.56,3024,-13.93,-10.85,-17.96,-69.78,-68.56,-70.66,-71.21,-70.99,-71.32,1.132,3.394,0,0
"2023-10-11 00:00:00",238,12.24,3024,-10.38,-7.817,-13.99,-68.12,-65.68,-70.06,-71,-70.63,-71.2,1.291,3.22,0,0
"2023-10-12 00:00:00",239,12.21,3024,-9.68,-4.565,-15.16,-68,-65.56,-70.19,-70.91,-70.5,-71.15,2.165,4.18,0,0
"2023-10-13 00:00:00",240,12.4,3024,-12.49,-9.8,-16.31,-69.29,-68.05,-69.93,-71.04,-70.89,-71.15,2.992,4.794,0,0
"2023-10-14 00:00:00",241,12.41,3024,-9.49,-4.324,-13.48,-67.1,-63.71,-69.33,-70.72,-70.1,-71.08,1.62,4.674,0,0
"2023-10-15 00:00:00",242,12.37,3024,-7.16,-2.483,-12.06,-65.05,-61.51,-68.35,-70.27,-69.45,-70.87,2.003,4.207,0,0
"2023-10-16 00:00:00",243,12.24,3024,-6.397,-3.404,-12.31,-63.09,-58.68,-68.33,-69.78,-68.7,-70.79,2.161,5.407,0,0
"2023-10-17 00:00:00",244,12.23,3024,-4.988,1.116,-9.31,-63.69,-57.79,-66.54,-69.73,-68.17,-70.44,3.819,6.26,0,0
"2023-10-18 00:00:00",245,12.29,3024,-4.312,2.402,-7.899,-61.13,-57.2,-64.66,-69.4,-68.11,-70.14,2.333,5.914,0,0
"2023-10-19 00:00:00",246,12.27,3024,-9.73,-7.038,-12.47,-65.86,-64.32,-68.27,-70.31,-69.97,-70.73,1.561,3.914,0,0
"2023-10-20 00:00:00",247,12.25,3024,-11.14,-9.95,-11.82,-66.32,-64.91,-67.04,-70.36,-70.06,-70.51,4.06,9.45,0,0
"2023-10-21 00:00:00",248,12.25,3024,-10.61,-9.96,-11.74,-64.88,-63.64,-66.1,-70.53,-69.8,-72.72,8.05,13.09,4.074,0
"2023-10-22 00:00:00",249,12.3,3024,-10.12,-9.16,-11.59,-63.35,-62.23,-64.81,-69.33,-68.85,-69.81,6.757,9.71,3.314,0
"2023-10-23 00:00:00",250,12.31,3024,-10.12,-7.713,-14.76,-62.98,-60.71,-65.36,-69,-68.49,-69.51,4.644,7.78,1.9,0
"2023-10-24 00:00:00",251,12.36,3024,-5.303,-1.11,-13.29,-57.32,-51.09,-65.69,-67.7,-65.32,-69.85,8.78,13.62,4.567,0
"2023-10-25 00:00:00",252,12.33,3024,-1.562,0.224,-4.24,-48.35,-45.74,-51.17,-64.01,-62.92,-65.48,5.236,10.05,0.674,0
"2023-10-26 00:00:00",253,12.32,3024,-4.614,-1.947,-9.66,-54.43,-50.66,-58.58,-65.44,-64,-66.77,5.115,7.927,2.34,0
"2023-10-27 00:00:00",254,12.38,3024,0.104,3.692,-5.16,-48.72,-43.73,-56.3,-64.13,-62.08,-66.5,4.855,9.74,0,0
"2023-10-28 00:00:00",255,12.29,3024,-3.143,-1.216,-8.34,-48.7,-44.41,-56.91,-64.08,-62.35,-66.36,2.499,5.82,0,0
"2023-10-29 00:00:00",256,12.29,3024,-0.962,2.524,-8.24,-46.09,-40.05,-57.21,-62.44,-60.44,-66.43,3.775,8.62,0,0
"2023-10-30 00:00:00",257,12.3,3024,-0.948,1.113,-3.877,-46.08,-43.09,-50.63,-62.83,-61.88,-64.47,3.111,8.05,0,0
"2023-10-31 00:00:00",258,12.32,3024,-1.986,1.443,-5.252,-46.37,-43.83,-48.95,-62.88,-61.6,-63.95,2.072,4.367,0,0
"2023-11-01 00:00:00",259,12.3,3024,0.181,2.013,-2.103,-40.68,-38.12,-47.15,-60.1,-59.04,-62.61,2.889,9.1,0,0
"2023-11-02 00:00:00",260,12.3,3024,-3.872,-1.791,-5.939,-42.75,-40.79,-45.99,-60.57,-60.02,-61.68,2.001,5.007,0,0
"2023-11-03 00:00:00",261,12.28,3024,-10.58,-5.822,-15.26,-54.19,-45.91,-62.43,-64.06,-61.65,-66.69,1.407,3.767,0,0
"2023-11-04 00:00:00",262,12.26,3024,-18.67,-12.95,-22.98,-66.33,-58.75,-69.39,-68.39,-65.59,-69.72,0.048,0.594,0,0
"2023-11-05 00:00:00",263,12.27,3024,-18.37,-12.91,-23.54,-67.3,-62.37,-69.49,-69.29,-67.18,-70.33,1.501,6.3,0,0
"2023-11-06 00:00:00",264,12.27,3024,-17.29,-9.97,-22.19,-68.02,-64.67,-69.51,-69.77,-68.11,-70.36,1.626,3.887,0,0
"2023-11-07 00:00:00",265,12.24,3024,-10.25,-6.102,-14.78,-59.78,-54.7,-64.59,-66.32,-64.64,-68.09,1.536,7.127,0,0
"2023-11-08 00:00:00",266,12.23,3024,-15.57,-12.15,-17.59,-64.62,-62.26,-66.32,-68.19,-67.23,-68.74,0.281,2.474,0,0
"2023-11-09 00:00:00",267,12.22,3024,-19.08,-15.46,-21.68,-67.26,-64.36,-68.54,-69.23,-68.16,-69.78,0.21,0.927,0,0
"2023-11-10 00:00:00",268,12.21,3024,-17.1,-13.63,-21.71,-65.35,-62.57,-68.6,-68.79,-67.96,-69.78,0.093,0.994,0,0
"2023-11-11 00:00:00",269,12.22,3024,-11.72,-6.848,-15.25,-59.9,-56.83,-63.96,-66.85,-65.83,-68.22,0.175,1.087,0,0
"2023-11-12 00:00:00",270,12.22,3024,-14.84,-13.02,-19.62,-62.99,-61.08,-67.67,-67.79,-67.16,-69.43,0.164,0.794,0,0
"2023-11-13 00:00:00",271,12.21,3024,-10.75,-5.06,-20.34,-63.92,-58.22,-77.58,-74.12,-66.78,-104.2,8.45,17.74,0,0
"2023-11-14 00:00:00",272,12.21,3024,-7.497,-4.747,-10.09,-56.1,-52.75,-62.7,-67.69,-63.77,-83.9,8.32,15.05,3.474,0
"2023-11-15 00:00:00",273,12.19,3024,-8.58,-5.684,-16.27,-56.27,-52.96,-65.44,-64.33,-62.89,-67.82,4.066,9.94,0,0
"2023-11-16 00:00:00",274,12.19,3024,-8.54,-6.804,-15.65,-57.89,-54.5,-65.8,-65.67,-64.46,-68,6.581,11.27,0.594,0
"2023-11-17 00:00:00",275,12.17,3024,-13.14,-6.738,-18.13,-61.02,-55.31,-65.77,-66.5,-64.41,-68.26,3.995,8.82,0,0
"2023-11-18 00:00:00",276,12.15,3024,-19.37,-17.92,-21.5,-67.31,-65.68,-68.47,-68.91,-68.2,-69.51,2.122,3.794,0,0
"2023-11-19 00:00:00",277,12.13,3024,-22.89,-16.51,-25.96,-69.19,-66.48,-69.87,-69.85,-68.91,-70.17,6.05,7.594,3.167,0
"2023-11-20 00:00:00",278,12.12,3024,-15.89,-11.84,-18.96,-66.09,-63.07,-67.56,-68.79,-67.74,-69.34,4.992,8.22,1.114,0
"2023-11-21 00:00:00",279,12.13,3024,-10.86,-7.77,-14.37,-61.98,-60.2,-64.54,-67.12,-66.27,-67.96,5.382,10.43,0.66,0
"2023-11-22 00:00:00",280,12.04,3024,-7.378,-2.939,-12.95,-60.35,-57.06,-65,-66.24,-64.72,-67.98,6.549,12.25,0.954,0
"2023-11-23 00:00:00",281,11.91,3024,-5.025,-2.302,-8.51,-55.86,-51.87,-61.82,-63.87,-61.88,-66.23,6.909,10.94,0,0
"2023-11-24 00:00:00",282,11.92,3024,-8.56,-2.856,-13.68,-55.23,-49.66,-61.69,-63.74,-60.9,-66.85,2.122,9.23,0,0
"2023-11-25 00:00:00",283,11.92,3024,-7.35,-0.536,-16.24,-56.91,-43.7,-65.35,-64.45,-58.62,-67.9,5.042,8.55,0.514,0
"2023-11-26 00:00:00",284,11.92,3024,-6.279,-4.774,-7.861,-53.23,-46.49,-54.62,-63.05,-60.64,-63.67,5.801,7.287,4.46,0
"2023-11-27 00:00:00",285,11.9,3024,-5.131,-1.877,-9.36,-53,-47.89,-57.06,-62.8,-60.67,-64.48,4.22,7.74,0,0
"2023-11-28 00:00:00",286,11.91,3024,-3.244,-0.153,-5.627,-47.07,-44.09,-50.6,-60.28,-58.77,-61.68,4.374,7.714,1.1,0
"2023-11-29 00:00:00",287,11.89,3024,-7.126,-4.044,-9.38,-52.07,-45.81,-56.02,-62.7,-60.29,-64.25,4.959,12.49,0,0
"2023-11-30 00:00:00",288,11.87,3024,-5.082,-0.954,-7.613,-50.38,-47.26,-54.91,-61.79,-60.16,-63.65,6.368,12.02,0,0
"2023-12-01 00:00:00",289,11.86,3024,-10.88,-6.738,-12.67,-58.01,-52.37,-60.56,-64.9,-62.82,-65.63,1.184,3.034,0,0
"2023-12-02 00:00:00",290,11.83,3024,-9.99,-7.223,-13.6,-58.84,-54.37,-62.57,-65.29,-63.88,-66.57,3.015,5.927,0,0
"2023-12-03 00:00:00",291,11.81,3024,-10.25,-6.989,-14.22,-61.41,-60.4,-63.58,-66.1,-65.62,-66.92,4.533,6.62,0.5,0
"2023-12-04 00:00:00",292,11.78,3024,-16.19,-11.28,-22.85,-66.73,-63.22,-68.99,-68.33,-66.67,-69.52,2.31,6.007,0,0
"2023-12-05 00:00:00",293,11.76,3024,-18.95,-15.51,-22.5,-68.56,-67.91,-69.22,-69.41,-68.98,-69.7,1.488,4.194,0,0
"2023-12-06 00:00:00",294,11.76,3024,-16.13,-12.62,-20.01,-65.85,-63.08,-68.29,-68.41,-67.18,-69.44,2.812,5.754,0,0
"2023-12-07 00:00:00",295,11.75,3024,-16,-12.44,-21.83,-66.37,-62.52,-69.47,-68.52,-66.91,-69.83,2.97,8.39,0,0
"2023-12-08 00:00:00",296,11.72,3024,-17.69,-11.22,-20.52,-68.54,-66.71,-68.98,-69.52,-68.74,-69.79,4.868,7.78,0,0
"2023-12-09 00:00:00",297,11.7,3024,-22.31,-15.51,-28.96,-69.76,-68.88,-70.41,-70.2,-69.68,-70.58,1.903,5.154,0,0
"2023-12-10 00:00:00",298,11.69,3024,-25.54,-24.44,-27.82,-70.05,-69.7,-70.38,-70.42,-70.23,-70.61,1.554,2.914,0,0
"2023-12-11 00:00:00",299,11.68,3024,-28.74,-25.24,-32.7,-70.39,-70.11,-70.52,-70.62,-70.44,-70.72,0.907,2.487,0,0
"2023-12-12 00:00:00",300,11.67,3024,-30.43,-27.89,-33.99,-70.41,-70.24,-70.56,-70.67,-70.57,-70.72,0.547,1.46,0,0
"2023-12-13 00:00:00",301,11.67,3024,-26.29,-24.39,-29.53,-70.17,-69.87,-70.44,-70.61,-70.46,-70.73,1.816,3.94,0,0
"2023-12-14 00:00:00",302,11.66,3024,-25.04,-23.45,-26.52,-69.98,-69.67,-70.27,-70.51,-70.36,-70.63,2.492,5.7,0,0
"2023-12-15 00:00:00",303,11.65,3024,-24.24,-20.87,-26.59,-69.99,-69.27,-70.31,-70.51,-70.19,-70.67,2.543,4.767,0,0
"2023-12-16 00:00:00",304,11.6,3024,-25.1,-20.57,-30.25,-69.98,-69.15,-70.52,-70.48,-70.14,-70.72,2.066,4.607,0,0
"2023-12-21 00:00:00",305,9.88,3024,-21.06,-11.41,-29.62,-68.47,-55.93,-70.55,-69.84,-64.69,-71.45,1.986,6.9,0,0
"2023-12-21 00:00:00",305,9.88,3024,-21.06,-11.41,-29.62,-68.47,-55.93,-70.55,-69.84,-64.69,-71.45,1.986,6.9,0,0
"2023-12-21 00:00:00",305,9.88,3024,-21.06,-11.41,-29.62,-68.47,-55.93,-70.55,-69.84,-64.69,-71.45,1.986,6.9,0,0
"2024-02-27 00:00:00",306,-7999,3024,-7999,2.948,-7999,-67.37,-34.25,-123.8,-70.29,-56.38,-177,2.984,13.86,0,0
"2024-03-02 00:00:00",307,9.88,3024,-28.89,-21.31,-35.04,-70.96,-70.59,-93,-71.51,-71.12,-108.4,3.282,6.994,0,0
"2024-03-03 00:00:00",308,9.86,3024,-20.44,-15.5,-27.3,-71.03,-70.9,-81.3,-71.31,-71.15,-84.4,5.497,7.127,3.86,0
"2024-03-06 00:00:00",309,9.91,3024,-13.32,-7.176,-19.81,-70.76,-69.85,-80.6,-71.37,-71.07,-97.5,3.769,10.21,0,0
"2024-03-07 00:00:00",310,9.88,3024,-20.33,-16.55,-24.99,-70.36,-68.64,-70.43,-71.19,-71.02,-79.73,1.515,3.66,0,0
"2024-03-08 00:00:00",311,9.88,3024,-25.82,-18.88,-30.1,-70.5,-68.77,-70.7,-71.29,-71.1,-84,0.634,2.247,0,0
"2024-03-09 00:00:00",312,9.93,3024,-29.38,-23.2,-34.05,-70.79,-70.63,-70.87,-71.21,-71.16,-71.26,2.121,4.5,0,0
"2024-03-10 00:00:00",313,9.87,3024,-32.27,-25.9,-36.64,-70.9,-70.85,-71.02,-71.2,-71.13,-71.45,1.679,3.714,0,0
"2024-03-11 00:00:00",314,9.87,3024,-34.5,-25.3,-38.68,-70.9,-70.86,-71.19,-71.14,-71.09,-71.47,1.051,3.86,0,0
"2024-03-12 00:00:00",315,10.86,3024,-35.06,-30.34,-39.26,-70.89,-70.84,-70.94,-71.11,-71.04,-71.17,0.712,3.02,0,0
"2024-03-13 00:00:00",316,11.9,3024,-33.41,-26.84,-37.78,-70.9,-70.81,-70.94,-71.11,-71.04,-71.16,0.423,2.754,0,0
"2024-03-14 00:00:00",317,11.93,3024,-31.47,-29.4,-35.09,-70.93,-70.84,-70.97,-71.14,-71.09,-71.2,0.69,2.994,0,0
"2024-03-15 00:00:00",318,11.88,3024,-29.16,-20.39,-33.5,-70.96,-70.89,-71,-71.18,-71.11,-71.2,0.322,2.847,0,0
"2024-03-16 00:00:00",319,11.97,3024,-28.94,-17.56,-33.78,-70.93,-70.87,-70.97,-71.14,-71.11,-71.2,1.721,4.367,0,0
"2024-03-17 00:00:00",320,11.97,3024,-31.45,-23.76,-35.7,-70.92,-70.87,-70.97,-71.13,-71.07,-71.17,1.119,4.1,0,0
"2024-03-18 00:00:00",321,11.97,3024,-31.51,-21.86,-35.63,-70.94,-70.91,-70.99,-71.15,-71.11,-71.2,1.178,4.314,0,0
"2024-03-19 00:00:00",322,11.97,3024,-14.85,-8.45,-25.58,-71.04,-70.94,-71.13,-71.27,-71.15,-71.36,1.358,4.767,0,0
"2024-03-20 00:00:00",323,11.98,3024,-12.44,-4.711,-20.28,-71.09,-71.04,-71.13,-71.34,-71.28,-71.39,4.067,6.647,0,0
"2024-03-21 00:00:00",324,12.02,3024,-3.083,1.018,-7.358,-71,-70.85,-71.11,-71.38,-71.3,-71.43,7.443,11.77,3.02,0
"2024-03-22 00:00:00",325,11.98,3024,-1.517,1.51,-5.518,-70.47,-69.91,-70.87,-71.22,-70.92,-71.38,8.98,13.13,5.607,0
"2024-03-23 00:00:00",0,11.94,3024,1.082,5.55,-2.86,-68.52,-67.58,-69.4,-70.38,-69.97,-71.32,7.28,12.7,2.714,0
"2024-03-24 00:00:00",1,12.23,3024,-3.817,0.555,-10.62,-65.93,-64.31,-67.64,-69.33,-68.73,-70.04,3.919,9.14,0,0
"2024-03-25 00:00:00",2,12.25,3024,-11.71,-9.78,-13.61,-63.45,-62.51,-64.41,-68.52,-68.11,-68.95,0.439,1.914,0,0
"2024-03-26 00:00:00",3,12.24,3024,-14.67,-11.72,-19.06,-62.9,-62.59,-63.19,-68.55,-68.26,-68.72,0.105,0.954,0,0
"2024-03-27 00:00:00",4,12.33,3024,-16.23,-9.54,-20.97,-64.35,-63.06,-64.89,-69.26,-68.66,-69.5,0.011,0.78,0,0
"2024-03-28 00:00:00",5,12.37,3024,-3.086,0.713,-14.43,-64.06,-62.39,-65.16,-68.92,-68.09,-69.5,3.836,9.29,0,0
"2024-03-29 00:00:00",6,12.39,3024,-6.056,-2.246,-10.19,-60.58,-58.81,-62.46,-67.38,-66.64,-68.18,1.739,3.967,0,0
"2024-03-30 00:00:00",7,12.4,3024,-8.29,-2.167,-12.44,-57.85,-56.66,-58.88,-66.05,-65.4,-66.7,2.577,5.314,0,0
"2024-03-31 00:00:00",8,12.41,3024,-8.18,-2.808,-13,-57.67,-56.93,-58.35,-66.01,-65.6,-66.47,2.887,6.18,0,0
"2024-04-01 00:00:00",9,12.4,3024,-15.43,-9.63,-18.07,-58.04,-57.14,-58.48,-66.43,-65.86,-66.64,2.952,6.047,0,0
"2024-04-02 00:00:00",10,12.41,3024,-21.16,-16.33,-25.78,-59.5,-58.22,-60.88,-67.05,-66.49,-67.65,1.48,4.86,0,0
"2024-04-03 00:00:00",11,12.39,3024,-23.11,-17.6,-27.41,-62.64,-60.66,-63.74,-68.44,-67.59,-68.86,2.371,5.767,0,0
"2024-04-04 00:00:00",12,12.39,3024,-11.76,-8.15,-23.94,-63.97,-62.99,-64.7,-68.85,-68.38,-69.16,7.487,13.35,1.3,0
"2024-04-05 00:00:00",13,12.4,3024,-6.369,-3.202,-8.8,-61.76,-60.13,-63.31,-67.61,-66.87,-68.44,6.373,9.27,3.82,0
"2024-04-06 00:00:00",14,12.41,3024,-6.414,-0.945,-11.83,-58.92,-57.16,-60.43,-66.2,-65.28,-66.97,3.616,7.34,0,0
"2024-04-07 00:00:00",15,12.41,3024,-10.46,-2.938,-16.04,-58.27,-57.21,-59.23,-66.28,-65.86,-66.71,2.566,5.74,0,0
"2024-04-08 00:00:00",16,12.41,3024,-17.12,-13.85,-21.47,-59.88,-58.45,-61.21,-67.24,-66.53,-67.83,1.709,3.554,0,0
"2024-04-09 00:00:00",17,12.39,3024,-23.58,-19.18,-28.91,-63.9,-61.01,-66.39,-69,-67.77,-69.97,1.731,3.474,0,0
"2024-04-10 00:00:00",18,12.41,3024,-19.5,-9,-29.62,-67.75,-66.27,-68.3,-70.45,-69.89,-70.65,2.341,5.207,0,0
"2024-04-11 00:00:00",19,12.41,3024,-8.44,-3.162,-16.79,-67.95,-66.88,-68.64,-70.39,-69.9,-70.68,5.388,9.91,0,0
"2024-04-12 00:00:00",20,12.41,3024,-3.621,-1.582,-5.492,-65.32,-63.34,-67.08,-69.16,-68.36,-69.95,7.062,13.05,1.247,0
"2024-04-13 00:00:00",21,12.42,3024,-9.9,-2.165,-19.45,-61.72,-60.64,-63.57,-67.76,-67.38,-68.42,5.369,9.7,0.474,0
"2024-04-14 00:00:00",22,12.42,3024,-16,-9.23,-22.18,-62.46,-61.06,-63.41,-68.35,-67.71,-68.76,3.534,7.74,0,0
"2024-04-15 00:00:00",23,12.43,3024,-15.77,-10.22,-22.18,-64.05,-62.18,-64.88,-69.01,-68.24,-69.34,4.304,9.17,0.967,0
"2024-04-16 00:00:00",24,12.42,3024,-7.181,-2.51,-11.52,-63.38,-61.72,-64.38,-68.54,-67.68,-69.01,9.02,15.53,2.78,0
"2024-04-17 00:00:00",25,12.41,3024,-1.731,1.184,-5.318,-59.36,-56.83,-61.97,-66.36,-65.15,-67.73,9.6,18.53,2.634,0
"2024-04-18 00:00:00",26,12.42,3024,0.223,4.639,-2.13,-54.91,-52.83,-57.12,-63.78,-62.65,-65.2,4.669,8.81,0,0
"2024-04-19 00:00:00",27,12.45,3024,2.963,8.39,-0.411,-49.59,-44.47,-53.22,-60.69,-58.65,-62.82,5.265,8.69,0,0
"2024-04-20 00:00:00",28,12.46,3024,4.405,11.83,0.202,-42.13,-37.23,-44.8,-56.83,-54.94,-58.7,3.292,9.02,0,0
"2024-04-21 00:00:00",29,12.45,3024,-4.311,1.769,-9.3,-32.38,-30.23,-37.38,-54.83,-54.13,-56.03,2.389,4.98,0,0
"2024-04-22 00:00:00",30,12.45,3024,-12.38,-9.08,-16.89,-38.66,-32.01,-45.1,-58.31,-55.96,-60.84,0,0,0,0
"2024-04-23 00:00:00",31,12.46,3024,-6.454,4.95,-18.01,-47.6,-44.67,-49.86,-60.67,-58.52,-62.72,0.73,3.487,0,0
"2024-04-24 00:00:00",32,12.45,3024,0.509,5.83,-4.394,-42.17,-37.87,-45.02,-56.67,-54.97,-58.6,2.68,6.127,0,0
"2024-04-25 00:00:00",33,12.46,3024,-0.475,7.863,-6.274,-40.02,-35.82,-42.48,-55.83,-54.23,-58.01,3.11,4.727,0,0
"2024-04-26 00:00:00",34,12.46,3024,-0.296,7.411,-5.401,-37.91,-34.47,-40.76,-54.75,-53.28,-56.62,2.657,5.42,0,0
"2024-04-27 00:00:00",35,12.47,3024,-3.514,2.489,-7.878,-37.66,-35.18,-40.66,-55.88,-54.64,-57.45,2.096,3.94,0,0
"2024-04-28 00:00:00",36,12.47,3024,-4.823,2.679,-10.49,-43.33,-38.94,-46.88,-58.46,-56.49,-60.77,1.32,3.18,0,0
"2024-04-29 00:00:00",37,12.47,3024,-8.48,-2.952,-16.7,-50.34,-46.72,-54.52,-61.84,-59.76,-64.66,2.175,4.327,0,0
"2024-04-30 00:00:00",38,12.47,3024,-14.7,-7.251,-17.5,-58.59,-54.43,-61.89,-66.53,-64.62,-68.34,2.166,5.474,0,0
"2024-05-01 00:00:00",39,12.47,3024,-16.64,-13.51,-20.72,-64.26,-61.79,-66.93,-69.2,-68.26,-70.17,2.028,4.194,0,0
"2024-05-02 00:00:00",40,12.5,3024,-14.37,-7.325,-22.03,-67.17,-66.23,-68.19,-70.22,-69.7,-70.66,1.965,4.527,0,0
"2024-05-03 00:00:00",41,12.51,3024,-13.37,-9.56,-18.52,-68.24,-67.28,-69.23,-70.59,-70.11,-70.98,2.192,4.754,0,0
"2024-05-04 00:00:00",42,12.52,3024,-13.86,-8.48,-17.78,-68.78,-67.98,-69.61,-70.79,-70.47,-71.09,2.708,4.98,0,0
"2024-05-05 00:00:00",43,12.52,3024,-16.38,-12.68,-18.76,-69.19,-68.66,-69.61,-70.91,-70.66,-71.09,3.183,6.807,0,0
"2024-05-06 00:00:00",44,12.54,3024,-18,-15.87,-19.6,-69.45,-69.1,-69.8,-70.98,-70.77,-71.16,3.783,5.434,1.22,0
"2024-05-07 00:00:00",45,12.56,3024,-15.21,-12.04,-18.24,-68.96,-68.06,-69.67,-70.74,-70.31,-71.07,2.773,4.874,0,0
"2024-05-08 00:00:00",46,12.55,3024,-6.742,0.768,-17.52,-66.5,-63.5,-68.72,-69.54,-68.22,-70.67,1.522,3.514,0,0
"2024-05-09 00:00:00",47,12.51,3024,-8.09,-6.613,-10.3,-60.44,-57.2,-63.56,-66.61,-65.21,-68.28,1.672,3.287,0,0
"2024-05-10 00:00:00",48,12.57,3024,-0.614,7.78,-10.81,-53.08,-45.48,-57.72,-62.16,-58.57,-65.58,2.407,5.287,0,0
"2024-05-11 00:00:00",49,12.6,3024,-4.707,-1.033,-10.58,-46.25,-42.08,-49.46,-59.22,-57.03,-61.96,2.023,4.554,0,0
"2024-05-12 00:00:00",50,12.48,3024,-3.25,1.375,-6.098,-39.3,-35.64,-42.06,-55.37,-54.13,-57.1,2.311,4.594,0,0
"2024-05-13 00:00:00",51,12.57,3024,-5.663,-3.424,-6.857,-34.83,-33.02,-36.01,-54.34,-53.48,-55,2.514,5.314,0,0
"2024-05-14 00:00:00",52,12.58,3024,-4.035,0.716,-7.861,-33.97,-31.98,-35.28,-53.7,-52.71,-54.99,1.85,3.834,0,0
"2024-05-15 00:00:00",53,12.5,3024,1.789,7.314,-4.15,-32.5,-29.62,-35.08,-52.16,-51.32,-53.16,3.503,8.53,0,0
"2024-05-16 00:00:00",54,12.56,3024,4.743,8.26,-0.162,-30.63,-26.67,-33.05,-50.37,-49.45,-51.67,7.42,11.06,3.794,14.99
"2024-05-17 00:00:00",55,12.65,3024,5.903,9.05,1.387,-28.12,-25.21,-30.05,-49.32,-48.22,-50.83,4.194,9.51,0,6.858
"2024-05-18 00:00:00",56,12.61,3024,0.797,5.872,-2.538,-23.97,-20.79,-27.67,-49.15,-48.2,-50.15,3.036,5.207,0,4.826
"2024-05-19 00:00:00",57,12.55,3024,1.881,8.02,-3.014,-24.32,-22.38,-29.11,-49.27,-46.29,-50.32,2.277,4.647,0,5.08
"2024-05-20 00:00:00",58,12.62,3024,1.501,4.506,-2.894,-25.42,-23.05,-28.07,-46.56,-45.06,-48.43,2.136,4.474,0,8.64
"2024-05-21 00:00:00",59,12.63,3024,4.302,10.09,-2.594,-27.31,-22.29,-32.01,-45.53,-43.83,-47.56,1.982,3.42,0,16
"2024-05-22 00:00:00",60,12.63,3024,7.845,14.24,0.367,-26.77,-21.89,-32.2,-46.47,-45.35,-47.94,2.85,4.9,0,13.72
"2024-05-23 00:00:00",61,12.68,3024,3.167,12.95,-3.341,-23.8,-19.81,-30.81,-48.79,-46.96,-50.99,3.084,5.127,0,0
"2024-05-24 00:00:00",62,12.54,3024,-2.947,-1.307,-4.229,-24.19,-20.66,-27.64,-50.85,-49.32,-51.7,2.737,4.86,0,0
"2024-05-25 00:00:00",63,12.52,3024,-4.276,-2.37,-6.895,-24.78,-21.65,-28.49,-51.55,-50.25,-52.61,3.937,6.034,2.087,0
"2024-05-26 00:00:00",64,12.51,3024,-6.626,-4.825,-8.61,-29.06,-25.34,-32.68,-52.05,-51.18,-52.7,3.67,5.874,1.887,0.254
"2024-05-27 00:00:00",65,12.52,3024,-5.429,-2.288,-8.9,-28.42,-23.33,-34.7,-51.8,-50.66,-52.9,2.955,5.02,0,0.762
"2024-05-28 00:00:00",66,12.71,3024,0.89,7.255,-5.901,-24.73,-17.78,-33.79,-50.46,-48.49,-52.75,1.888,4.62,0,0.254
"2024-05-29 00:00:00",67,12.61,3024,5.623,11.31,-0.61,-22.69,-18.77,-27.17,-50.63,-48.87,-51.54,1.769,5.18,0,0
"2024-05-30 00:00:00",68,12.75,3024,6.077,8.97,1.549,-24.03,-19.56,-27.79,-50.54,-49.89,-51.63,3.31,7.34,0,0
"2024-05-31 00:00:00",69,12.69,3024,4.103,7.559,-0.694,-25.54,-22.93,-30.28,-49.17,-47.45,-50.89,3.147,6.22,0,0
"2024-06-01 00:00:00",70,12.71,3024,2.736,6.472,-2.734,-31.41,-26.77,-40.41,-48.8,-46.32,-52.39,2.564,5.034,0,0
"2024-06-02 00:00:00",71,12.62,3024,-0.147,3.612,-4.064,-40.3,-33.53,-47.07,-51.24,-48.74,-53.22,2.722,5.927,0,0
"2024-06-03 00:00:00",72,12.5,3024,-3.365,-0.345,-5.071,-41.64,-34.95,-46.64,-51.67,-50.33,-53.27,2.272,3.807,0,9.65
"2024-06-04 00:00:00",73,12.79,3024,-3.234,2.293,-5.941,-39.65,-32.02,-46.52,-50.78,-48.07,-52.51,2.249,3.834,0,5.588
"2024-06-05 00:00:00",74,12.78,3024,-1.938,1.307,-4.772,-38.35,-29.94,-45.98,-50.65,-48.3,-52.77,2.661,4.46,0,0.254
"2024-06-06 00:00:00",75,12.78,3024,0.597,8.79,-3.668,-39.31,-33.87,-45.88,-51.95,-49.1,-55.68,1.225,2.46,0,0
"2024-06-07 00:00:00",76,12.69,3024,3.551,14.2,-2.78,-38.58,-29.04,-49.75,-52.66,-50.12,-55.84,1.228,3.5,0,0
"2024-06-08 00:00:00",77,12.7,3024,6.334,8.17,3.941,-30.14,-25.62,-36.96,-51.69,-50.79,-53.77,1.967,4.26,0,8.13
"2024-06-09 00:00:00",78,12.61,3024,7.679,11.62,1.746,-27.09,-24.74,-32.66,-51.17,-49.4,-56.71,2.739,5.634,0,0
"2024-06-10 00:00:00",79,12.58,3024,9.03,15.85,1.94,-39.14,-31.99,-56.69,-57.02,-52.74,-67.16,3.108,5.767,0,0
"2024-06-11 00:00:00",80,12.48,3024,2.776,8.31,0.043,-56.12,-47.57,-62.21,-65.11,-61.58,-67.57,2.153,4.714,0,0
"2024-06-12 00:00:00",81,12.56,3024,5.84,13.04,-0.582,-53.35,-47.15,-60.71,-63.57,-61.05,-67.84,2.808,5.847,0,0
"2024-06-13 00:00:00",82,12.57,3024,13.82,18.92,3.194,-62.22,-49.95,-75.71,-66.86,-60.76,-73.76,2.416,5.38,0,0
"2024-06-14 00:00:00",83,12.51,3024,15.07,19.69,6.774,-76.54,-68.5,-84.3,-73.93,-68.6,-79.04,2.693,4.914,0,0
"2024-06-15 00:00:00",84,12.48,3024,12.58,17.21,5.64,-82.5,-76.77,-87.5,-78.46,-75.86,-81.4,2.752,5.62,0,0
"2024-06-16 00:00:00",85,12.52,3024,10.9,16.13,4.802,-81.3,-76.88,-86.7,-78.02,-76.22,-80.5,2.859,6.687,0,1.524
"2024-06-17 00:00:00",86,12.47,3024,12.7,17.74,3.995,-80,-76.04,-84.7,-75.84,-73.11,-78.55,2.814,5.447,0,0
"2024-06-18 00:00:00",87,12.43,3024,11.51,16.09,7.822,-79.78,-76.89,-84,-76.48,-73.92,-78.26,3.087,7.194,0,4.318
"2024-06-19 00:00:00",88,12.62,3024,13.21,18.46,6.409,-79.05,-74.16,-83.6,-74.66,-70.18,-78.6,2.832,6.407,0,0
"2024-06-20 00:00:00",89,12.45,3024,10.58,14.8,4.148,-81.4,-77.78,-85.3,-77.81,-76.15,-80,2.666,6.167,0,0
"2024-06-21 00:00:00",90,12.53,3024,8.02,12.62,0.627,-80.5,-74.9,-84.7,-77.96,-74.75,-80.2,2.991,6.46,0,0
"2024-06-22 00:00:00",91,12.65,3024,9.38,14.11,2.824,-81.8,-76.18,-86.2,-79.05,-75.77,-81.6,3.135,6.14,0,0
"2024-06-23 00:00:00",92,12.6,3024,12.01,18.53,2.84,-83.3,-76.34,-91,-79.87,-76.01,-84,3.072,8.5,0,0
"2024-06-24 00:00:00",93,12.59,3024,11.59,15.92,6.273,-83.1,-77.98,-88.8,-80.1,-77.19,-83.2,2.802,6.1,0,0
"2024-06-25 00:00:00",94,12.47,3024,13.78,19.1,7.786,-85.6,-78.85,-91.7,-81.4,-77.8,-85.1,2.229,5.407,0,0
"2024-06-26 00:00:00",95,12.5,3024,17.33,23.77,6.546,-90,-79.18,-99.8,-84.5,-78.39,-90.9,2.405,5.794,0,0
"2024-06-27 00:00:00",96,12.44,3024,19.2,25.34,9.6,-94.1,-80.5,-107.6,-89,-79.75,-98.4,3.087,7.02,0,0
"2024-06-28 00:00:00",97,12.45,3024,20.89,26.98,11.12,-97,-82.3,-111.1,-92,-81.4,-102,3.809,9.87,0.474,0
"2024-06-29 00:00:00",98,12.44,3024,16.23,22.3,10.84,-88.2,-80.6,-99.4,-85.6,-78.53,-93.6,3.175,9.09,0.5,5.842
"2024-06-30 00:00:00",99,12.43,3024,11.73,14.16,10.08,-74.75,-70.6,-80.5,-71.18,-65.76,-78.64,2.298,4.194,0,0.254
"2024-07-01 00:00:00",100,12.57,3024,14.46,19.5,7.536,-73.16,-64.8,-81.1,-70.18,-62.39,-77.86,2.234,4.474,0,0
"2024-07-02 00:00:00",101,12.47,3024,14.91,20.08,9.45,-81.7,-77.29,-89,-77.62,-72.81,-83.1,1.995,5.754,0,0
"2024-07-03 00:00:00",102,12.46,3024,16.12,22.77,9.66,-84.6,-79.36,-93.4,-81.2,-76.11,-87.3,5.526,11.13,2.594,0.508
"2024-07-04 00:00:00",103,12.41,3024,10.59,12.26,8.39,-74.25,-68.83,-81.1,-71.81,-66.33,-79.65,4.687,8.94,0.567,12.19
"2024-07-05 00:00:00",104,12.4,3024,9.95,13.64,7.705,-64.54,-60.35,-70.9,-64.97,-62.05,-68.96,2.36,5.54,0,6.096
"2024-07-06 00:00:00",105,12.39,3024,8.56,10.53,7.328,-50.01,-44.04,-60.48,-57.72,-55.02,-63.23,2.906,5.474,0,23.11
"2024-07-07 00:00:00",106,12.39,3024,6.113,11.88,-0.972,-42.01,-34.87,-48.02,-54.84,-52.33,-56.78,3.299,13.78,0,15.49
"2024-07-08 00:00:00",107,12.45,3024,0.624,2.594,-1.053,-43.75,-40.16,-48,-55.42,-54.15,-56.8,3.581,7.26,0.927,3.048
"2024-07-09 00:00:00",108,12.51,3024,3.555,8.37,-1.037,-41.61,-35.63,-48.54,-55.12,-52.04,-62.04,1.974,4.567,0,1.778
"2024-07-10 00:00:00",109,12.65,3024,9.72,13.74,1.703,-58.41,-47.65,-74.72,-65.49,-58.7,-74.48,5.053,8.29,2.274,0
"2024-07-11 00:00:00",110,12.61,3024,14.24,18.99,9.07,-78.75,-73.34,-86.5,-75.68,-71.67,-81.4,3.889,7.22,0,0
"2024-07-12 00:00:00",111,12.48,3024,15.5,19.73,10.48,-83.3,-79.17,-87.2,-79.51,-75.53,-82.5,2.85,6.58,0,0
"2024-07-13 00:00:00",112,12.4,3024,16.3,21.12,10.75,-85.1,-78.71,-93.4,-81.2,-74.21,-87.8,2.907,5.847,0,0
"2024-07-14 00:00:00",113,12.43,3024,15.01,19.8,10.76,-84.6,-80.7,-90.9,-81.8,-78.84,-85.9,3.003,6.234,0,0.254
"2024-07-15 00:00:00",114,12.39,3024,13,16.1,10.43,-73.13,-66.93,-80.7,-71.76,-66.25,-79.03,2.513,5.9,0,3.048
"2024-07-16 00:00:00",115,12.39,3024,10.71,13.89,7.041,-62.66,-57.68,-68.24,-65.45,-60.74,-69.45,2.589,7.1,0,5.842
"2024-07-17 00:00:00",116,12.5,3024,10.53,15.15,2.613,-69.86,-60.88,-78.22,-70.15,-63.03,-76.68,3.033,6.127,0,0
"2024-07-18 00:00:00",117,12.44,3024,9.91,14.47,5.394,-75.49,-73.03,-77.62,-73.79,-70.42,-76.47,2.454,5.327,0,3.048
"2024-07-19 00:00:00",118,12.45,3024,11.4,16.79,4.094,-74.9,-66.76,-81.4,-73.31,-66.09,-79.1,3.17,6.727,0,0
"2024-07-20 00:00:00",119,12.4,3024,14.71,20.21,9.55,-83.4,-78.1,-91.8,-80.2,-75.86,-86.9,4.204,7.327,0.674,0
"2024-07-21 00:00:00",120,12.41,3024,13.86,18.88,6.297,-83.8,-77.67,-90.6,-80.7,-77.41,-85.2,2.448,4.807,0,0
"2024-07-22 00:00:00",121,12.4,3024,14.98,20.26,8,-81.5,-76.38,-87.8,-77.77,-73.47,-82.1,3.025,7.714,0.487,0
"2024-07-23 00:00:00",122,12.37,3024,11.99,14.55,10.17,-72.65,-63.8,-81.3,-71.72,-65.68,-79.41,2.153,5.194,0,4.318
"2024-07-24 00:00:00",123,12.4,3024,15.8,21.65,8.12,-60.73,-53.15,-71.91,-64.82,-59.43,-73.52,1.659,4.1,0,0.254
"2024-07-25 00:00:00",124,12.39,3024,18.49,22.97,11.89,-73.23,-58.52,-87,-73.14,-63.17,-82.5,2.574,5.087,0,0
"2024-07-26 00:00:00",125,12.4,3024,18.25,26.28,10.91,-77.32,-70.91,-85.4,-75.97,-70.53,-80.9,2.384,6.274,0,5.334
"2024-07-27 00:00:00",126,12.39,3024,12.85,19.74,4.96,-62.5,-57.97,-73.39,-66.98,-64.25,-73.82,3.44,9.09,0.767,31.24
"2024-07-28 00:00:00",127,12.32,3024,0.915,5.011,-1.383,-59.89,-56.68,-62.65,-64.45,-62.4,-65.76,3.261,5.247,1.22,12.45
"2024-07-29 00:00:00",128,12.43,3024,2.263,5.96,-1.828,-53.26,-46.51,-60.53,-61.72,-58.8,-64.52,1.932,4.207,0,0.254
"2024-07-30 00:00:00",129,12.43,3024,6.268,10.86,2.495,-47.71,-40.33,-59.17,-60.84,-56.75,-67.15,2.822,6.127,0,0
"2024-07-31 00:00:00",130,12.38,3024,4.181,6.632,2.596,-56.76,-51.23,-60.49,-65.12,-61.97,-67.15,2.868,5.274,0.46,0.254
"2024-08-01 00:00:00",131,12.44,3024,7.836,14.4,2.435,-57.85,-49.53,-60.89,-65.87,-59.9,-68.24,2.061,5.9,0,2.032
"2024-08-02 00:00:00",132,12.36,3024,5.399,13.26,-1.811,-58.43,-50.9,-65.43,-65.97,-61.02,-69.27,3.58,7.154,0,3.81
"2024-08-03 00:00:00",133,12.38,3024,3.358,9.06,-2.174,-60.81,-56.01,-66.25,-66.77,-64.81,-70.41,1.614,3.954,0,5.588
"2024-08-04 00:00:00",134,12.43,3024,8.78,14.75,0.297,-67.5,-57.55,-75.81,-70.51,-64.34,-75.45,5.22,9.89,2.167,0
"2024-08-05 00:00:00",135,12.37,3024,13.78,18.52,8.4,-79.95,-74.65,-85.8,-77.83,-73.8,-82.3,6.5,11.43,2.647,0
"2024-08-06 00:00:00",136,12.38,3024,19.15,25.26,13.49,-84.7,-75.27,-98.1,-81.1,-73.14,-92.1,5.236,10.47,1.54,0.254
"2024-08-07 00:00:00",137,12.37,3024,19.09,25.95,11.58,-88.4,-81.3,-97.3,-85.1,-80.4,-91.4,4.117,8.3,0,0
"2024-08-08 00:00:00",138,12.38,3024,17.11,21.54,11.33,-86.7,-82.7,-92.6,-84.2,-81.9,-88.3,3.28,7.847,0,0
"2024-08-09 00:00:00",139,12.36,3024,13.43,16.5,10.15,-81.3,-75.61,-83.9,-79.36,-73.83,-82.4,1.862,5.354,0,4.572
"2024-08-10 00:00:00",140,12.37,3024,10.55,14.63,6.834,-68.44,-62.05,-75.51,-69.43,-65.21,-74,2.206,7.314,0,6.096
"2024-08-11 00:00:00",141,12.36,3024,7.531,10.97,3.319,-63.72,-57.27,-68.74,-66.79,-61.74,-70.02,2.621,6.007,0,0
"2024-08-12 00:00:00",142,12.36,3024,7.048,11.06,1.824,-62.66,-56.23,-68.26,-67.05,-62.73,-70.19,2.543,6.274,0,0.508
"2024-08-13 00:00:00",143,12.37,3024,6.753,10.16,1.626,-60.11,-56.04,-67.73,-66,-63.27,-70.04,3.204,6.674,0,1.27
"2024-08-14 00:00:00",144,12.38,3024,9.45,14.72,2.221,-65.18,-55.4,-75.8,-69.2,-62.09,-75.89,5.478,8.98,2.647,0
"2024-08-15 00:00:00",145,12.34,3024,10.69,15.8,7.184,-77.13,-73.95,-81,-76.17,-73.36,-79.34,5.678,9.97,2.247,0.254
"2024-08-16 00:00:00",146,12.32,3024,10.94,14,6.677,-78.1,-75.29,-80.8,-76.72,-74.07,-79.07,5.042,11.66,0,0
"2024-08-17 00:00:00",147,12.34,3024,11.86,17.09,5.435,-78.04,-73.69,-80.7,-76.64,-71.87,-78.95,5.512,12.21,1.487,4.318
"2024-08-18 00:00:00",148,12.33,3024,5.729,9.99,-0.035,-73.01,-71.05,-76.07,-72.48,-71.05,-75.66,2.993,7.674,0,4.826
"2024-08-19 00:00:00",149,12.36,3024,13.55,19.06,8.87,-69.14,-65.74,-76.77,-70.79,-68.33,-76.42,6.6,11.98,1.807,1.778
"2024-08-20 00:00:00",150,12.33,3024,7.211,11.86,-0.677,-76.95,-74.03,-80.2,-76.19,-73.89,-78.89,5.566,9.83,1.967,2.794
"2024-08-21 00:00:00",151,12.3,3024,1.909,6.276,-1.812,-72.21,-70.08,-74.06,-72.06,-70.38,-73.93,1.961,4.954,0,0.254
"2024-08-22 00:00:00",152,12.35,3024,7.331,11.92,2.884,-71.57,-68.08,-76.2,-72.1,-69.02,-75.87,5.362,9.5,1.927,0
"2024-08-23 00:00:00",153,12.33,3024,6.04,10.68,3.501,-73.92,-70.85,-75.71,-73.75,-71.14,-75.3,4.472,7.794,2.074,3.302
"2024-08-24 00:00:00",154,12.29,3024,3.141,5.192,1.346,-65.07,-60.75,-70.85,-67.51,-65.32,-71.23,2.826,5.607,0.474,6.096
"2024-08-25 00:00:00",155,12.33,3024,0.983,3.609,-1.071,-58.16,-52.72,-61.98,-63.92,-61.13,-65.67,2.578,5.154,0,1.016
"2024-08-26 00:00:00",156,12.31,3024,2.826,8.65,-0.937,-54.72,-47.02,-61.24,-63.11,-59.9,-66.88,1.618,4.46,0,1.27
"2024-08-27 00:00:00",157,12.32,3024,7.508,14.28,0.052,-61.17,-50.72,-73.34,-66.78,-60.38,-74.17,3.326,6.82,0,0
"2024-08-28 00:00:00",158,12.31,3024,8.51,13.64,2.319,-72.9,-66.9,-76.35,-73.2,-68.92,-75.74,3.399,6.714,1.42,0
"2024-08-29 00:00:00",159,12.31,3024,7.882,11.94,4.842,-71.54,-68.62,-75.15,-72.26,-70.27,-74.78,2.421,6.114,0,0.508
"2024-08-30 00:00:00",160,12.28,3024,0.144,5.126,-1.433,-69.32,-68.01,-70.74,-70.25,-69.11,-71.98,2.604,5.247,0,5.842
"2024-08-31 00:00:00",161,12.35,3024,1.025,4.664,-1.562,-65.72,-62.48,-68.3,-68.41,-66.79,-70.49,1.702,3.647,0,1.778
"2024-09-01 00:00:00",162,12.3,3024,1.019,3.895,-1.236,-63.53,-59.42,-67.85,-67.28,-65.54,-69.69,2.225,4.46,0,0.508
"2024-09-02 00:00:00",163,12.28,3024,-0.114,3.369,-3.106,-59.1,-52.27,-63,-64.84,-61.97,-66.65,2.574,4.554,0,1.524
"2024-09-03 00:00:00",164,12.32,3024,4.873,11.41,-3.614,-63.26,-53.36,-74.28,-67.52,-61.16,-74.46,4.001,7.194,0.5,0
"2024-09-04 00:00:00",165,12.29,3024,5.781,7.301,2.745,-70.93,-66.79,-74.9,-72.11,-69.65,-74.82,3.278,7.38,0,4.318
"2024-09-05 00:00:00",166,12.26,3024,8.41,14.47,3.686,-69.67,-63.77,-77.09,-71.09,-66.89,-76.45,4.325,7.54,0.5,0
"2024-09-06 00:00:00",167,12.3,3024,8.17,10.65,4.751,-74.49,-73.53,-75.68,-74.05,-73.07,-75.15,2.589,6.847,0,0
"2024-09-07 00:00:00",168,12.29,3024,6.47,10.05,3.138,-68.54,-63.69,-73.85,-70.41,-67.71,-73.65,2.337,5.407,0,2.54
"2024-09-08 00:00:00",169,12.27,3024,2.133,6.892,-0.492,-62.02,-52.78,-66.37,-66.53,-62.2,-68.61,2.263,4.874,0,5.08
"2024-09-09 00:00:00",170,12.29,3024,5.76,10.14,-0.541,-59.29,-53.52,-66.13,-65.71,-62.31,-70.16,4.106,6.74,1.154,0
"2024-09-10 00:00:00",171,12.29,3024,6.238,11.92,0.739,-65.26,-58.74,-70.94,-69.41,-65.08,-72.5,2.716,5.087,0,0
"2024-09-11 00:00:00",172,12.27,3024,6.053,12.08,0.974,-69.49,-62.93,-73.51,-71.36,-67.23,-74.06,3.166,5.66,0,0
"2024-09-12 00:00:00",173,12.29,3024,5.318,10.98,-0.113,-71.83,-68.32,-73.45,-72.47,-69.89,-73.87,2.523,4.42,0,1.016
"2024-09-13 00:00:00",174,12.28,3024,3.948,10.41,-1.003,-69.66,-64.71,-72.95,-71.14,-67.93,-73.09,2.448,6.687,0,0
"2024-09-14 00:00:00",175,12.27,3024,2.997,7.131,-0.034,-65.41,-59.69,-70.38,-69.02,-66.1,-71.66,1.577,3.354,0,0.254
"2024-09-15 00:00:00",176,12.27,3024,6.404,11.5,2.419,-59.23,-51.33,-65.57,-66.4,-62.19,-70.32,3.342,6.967,0,0
"2024-09-16 00:00:00",177,12.27,3024,6.449,10.17,2.811,-66.86,-63.53,-69.5,-70.67,-68.62,-71.9,3.069,5.487,0,1.016
"2024-09-17 00:00:00",178,12.28,3024,4.469,7.032,1.465,-64.8,-60.93,-69.21,-68.95,-66.96,-71.39,2.238,5.487,0,1.27
"2024-09-18 00:00:00",179,12.28,3024,4.505,8.92,1.138,-59.77,-52.55,-63.94,-66.34,-62.71,-68.13,1.875,4.087,0,0
"2024-09-19 00:00:00",180,12.27,3024,2.193,4.104,0.987,-58.57,-53.82,-62.82,-65.55,-63.45,-67.9,1.628,4.34,0,2.032
"2024-09-20 00:00:00",181,12.25,3024,2.702,5.978,-0.557,-53.74,-47.62,-56.7,-62.65,-60.07,-64.09,1.124,2.687,0,0.254
"2024-09-21 00:00:00",182,12.25,3024,-0.472,1.259,-2.615,-53.45,-50.99,-57.03,-61.64,-60.76,-63.52,1.934,3.994,0,1.778
"2024-09-22 00:00:00",183,12.23,3024,-2.556,-1.548,-3.652,-50.78,-48,-53.11,-60.03,-59.51,-60.8,1.797,3.607,0,0
"2024-09-23 00:00:00",184,12.22,3024,-3.683,-2.363,-4.87,-50.91,-46.72,-54.2,-59.57,-58.73,-60.32,1.279,3.354,0,0
"2024-09-24 00:00:00",185,12.22,3024,-4.039,-2.582,-4.903,-50.68,-48.2,-52.84,-59.41,-58.83,-59.91,1.79,4.1,0,0
