"TOA5","LakeStnCR1000_11","CR1000","31585","CR1000.Std.24","CPU:Toolik_Lake_Stn_2023.CR1","43712","Lake_data"
"TIMESTAMP","RECORD","AirTC_Avg","RH_Avg","WS_ms_S_WVT","WindDir_D1_WVT","WindDir_SD1_WVT","WS_ms_Max","PTemp_C_Avg","SWUpper_Avg","SWLower_Avg","LWUpper_Avg","LWLower_Avg","CNR4TC_Avg","CNR4TK_Avg","RsNet_Avg","RlNet_Avg","Albedo_Avg","Rn_Avg","LWUpperCo_Avg","LWLowerCo_Avg","Batt_Volt_Avg","Temp0_Avg","Temp25_Avg","Temp50_Avg","Temp75_Avg","Temp1_Avg","Temp2_Avg","Temp3_Avg","Temp4_Avg","Temp5_Avg","Temp6_Avg","Temp7_Avg","Temp8_Avg","Temp10_Avg","Temp12_Avg","Temp15_Avg","Temp18_Avg"
"TS","RN","Deg C","%","meters/second","Deg","Deg","meters/second","Deg C","W/m^2","W/m^2","W/m^2","W/m^2","Deg C","K","W/m^2","W/m^2","W/m^2","W/m^2","W/m^2","W/m^2","Volts","","","","","","","","","","","","","","","",""
"","","Avg","Avg","WVc","WVc","WVc","Max","Avg","Avg","Avg","Avg","Avg","Avg","Avg","Avg","Avg","Avg","Avg","Avg","Avg","Avg","Avg","Avg","Avg","Avg","Avg","Avg","Avg","Avg","Avg","Avg","Avg","Avg","Avg","Avg","Avg","Avg"
"2025-07-03 20:30:00",59920,22.05,40.45,2.59,245.1,1.381,3.317,22.56,140.6,50.72,-90.9,-30.78,21.4,294.5,89.9,-60.12,0.362,29.81,335.9,396,12.78,15.4338,15.4334,15.4248,15.2796,14.887,10.397,9.2176,6.6002,5.951,5.532,5.3056,4.9264,4.0738,3.4986,3.2474,3.1086
"2025-07-03 20:35:00",59921,22.12,40.54,3.062,245,3.004,3.237,22.47,223.6,21.91,-90.6,-30.8,21.33,294.5,201.7,-59.77,0.1,141.9,335.8,395.6,12.77,15.43097,15.43087,15.4026,15.2853,14.93467,10.30063,9.1914,6.7832,5.9185,5.4912,5.302066,4.883133,4.013833,3.483933,3.225266,3.0737
"2025-07-03 20:40:00",59922,21.87,43.68,2.803,240.3,3.001,3.158,22.36,216.1,21.14,-90.4,-30.21,21.19,294.3,195,-60.23,0.098,134.8,335.1,395.4,12.75,15.44547,15.44257,15.4164,15.29247,15.09017,10.0731,9.285632,6.960633,5.940567,5.4984,5.307199,4.881999,4.069333,3.487933,3.2336,3.081367
"2025-07-03 20:45:00",59923,21.66,43.81,2.646,238.2,3.451,2.918,22.25,208.1,21.24,-90,-29.5,21.07,294.2,186.8,-60.47,0.102,126.3,334.9,395.4,12.76,15.39933,15.3444,15.2856,15.21827,15.07713,10.1813,9.271933,6.455466,5.907633,5.501266,5.258699,4.8563,4.130633,3.475133,3.208867,3.069267
"2025-07-03 20:50:00",59924,21.57,44.3,2.723,239.9,2.982,2.918,22.13,200.8,21.21,-89.6,-28.7,20.98,294.1,179.6,-60.95,0.106,118.6,334.7,395.7,12.76,15.51177,15.488,15.4423,15.33813,15.10983,9.9922,9.176066,6.293,5.888833,5.5027,5.295,4.867567,4.157833,3.469067,3.252967,3.079433
"2025-07-03 20:55:00",59925,21.36,44.67,2.574,238.1,3.219,2.998,22.01,193.1,21.29,-89.2,-27.93,20.86,294,171.8,-61.29,0.11,110.5,334.4,395.7,12.76,15.5721,15.56933,15.53913,15.36733,15.03513,9.769766,8.915266,6.2975,5.8786,5.487767,5.2815,4.8606,4.157233,3.476233,3.192133,3.084666
"2025-07-03 21:00:00",59926,21.48,43.26,2.082,235.8,3.885,2.438,21.88,185.5,21.58,-88.7,-27.61,20.75,293.9,163.9,-61.1,0.116,102.8,334.3,395.5,12.76,15.6049,15.60367,15.5728,15.3281,14.9933,9.715433,8.896833,6.3234,5.8737,5.486433,5.275533,4.820033,4.1749,3.473067,3.179367,3.104733
"2025-07-03 21:05:00",59927,21.51,49.83,1.171,248.9,10.69,2.199,21.77,178.2,21.01,-89.8,-27.42,20.6,293.8,157.2,-62.35,0.118,94.9,332.4,394.8,12.76,15.5818,15.57553,15.5321,15.33903,15.08653,9.6412,9.001599,6.298533,5.881266,5.503466,5.279833,4.863333,4.1804,3.473,3.1467,3.082566
"2025-07-03 21:10:00",59928,20.95,51.84,0.742,271.1,12.33,0.92,21.65,170.8,21.06,-89.7,-26.65,20.4,293.6,149.7,-63.06,0.123,86.6,331.3,394.4,12.76,15.58283,15.5803,15.55877,15.43043,15.1121,9.609833,9.078899,6.2893,5.8902,5.517133,5.270033,4.9298,4.199567,3.476033,3.135933,3.078133
"2025-07-03 21:15:00",59929,20.81,49.22,0.734,256.1,9.14,1,21.54,164.3,21.92,-89.1,-25.84,20.31,293.5,142.4,-63.22,0.133,79.18,331.4,394.7,12.75,15.6233,15.61303,15.5739,15.4598,15.1129,9.5991,8.892399,6.314433,5.9046,5.537033,5.2506,4.941733,4.205333,3.489266,3.192367,3.0668
"2025-07-03 21:20:00",59930,21.38,46.8,0.243,270.1,1.505,0.521,21.44,158.1,22.3,-89,-25.95,20.34,293.5,135.8,-63.04,0.141,72.73,331.7,394.7,12.75,15.63457,15.62727,15.57133,15.47523,15.1984,9.5608,8.559266,6.3115,5.917133,5.534266,5.211233,4.914433,4.219533,3.619233,3.209667,3.0601
"2025-07-03 21:25:00",59931,22.04,44,0.039,278.5,9.36,0.441,21.37,152.3,21.91,-89.1,-26.13,20.4,293.6,130.4,-62.93,0.144,67.48,332,394.9,12.75,15.61863,15.618,15.5932,15.47913,15.19543,9.536866,8.403633,6.3085,5.913533,5.5444,5.200033,4.9169,4.228667,3.673,3.264933,3.0577
"2025-07-03 21:30:00",59932,22.62,42.28,0.024,260.2,0.025,0.361,21.32,146.3,22.36,-89.3,-26.07,20.48,293.6,123.9,-63.26,0.153,60.64,332.1,395.4,12.74,15.67137,15.66043,15.6058,15.40787,15.03567,9.554399,8.1789,6.313533,5.909266,5.540533,5.192433,4.8872,4.2257,3.627,3.3507,3.0566
"2025-07-03 21:35:00",59933,22.79,41.26,0,0,0,0,21.31,140.6,20.94,-89.5,-26.13,20.54,293.7,119.7,-63.38,0.149,56.3,332.4,395.7,12.73,15.7041,15.6988,15.59623,15.3382,14.8094,9.548265,8.178567,6.447199,5.9116,5.528933,5.1837,4.864133,4.222066,3.6193,3.368433,3.056333
"2025-07-03 21:40:00",59934,22.65,41.68,0.109,168.5,7.661,0.681,21.29,134.6,21.06,-89.4,-26.55,20.62,293.8,113.6,-62.87,0.156,50.72,332.8,395.7,12.73,15.72143,15.7159,15.571,15.31187,14.81117,9.555467,8.310666,6.5214,5.9191,5.5286,5.195033,4.853666,4.212933,3.650433,3.371166,3.0559
"2025-07-03 21:45:00",59935,22.68,42.14,0.497,111.1,59.48,0.761,21.29,128.6,19.48,-88.8,-25.91,20.52,293.7,109.2,-62.89,0.151,46.27,332.9,395.8,12.73,15.72457,15.72137,15.5638,15.2301,14.70207,9.545966,8.3584,6.525267,5.916533,5.540433,5.1919,4.845033,4.2074,3.6388,3.361133,3.060033
"2025-07-03 21:50:00",59936,22.74,44.08,0.515,16.51,21.19,0.681,21.28,123.4,17.94,-88.2,-25.87,20.49,293.6,105.4,-62.34,0.145,43.11,333.4,395.7,12.73,15.7254,15.72457,15.54283,15.2285,14.69687,9.544499,8.2547,6.500633,5.934333,5.554966,5.171333,4.817466,4.1911,3.5917,3.2784,3.064367
"2025-07-03 21:55:00",59937,22.65,43.22,0.231,350.7,12.39,0.601,21.26,118,15.31,-87.7,-25.59,20.44,293.6,102.7,-62.1,0.13,40.55,333.6,395.7,12.73,15.7099,15.70773,15.52123,15.2525,14.78527,9.528066,7.884367,6.465733,5.926166,5.539633,5.103766,4.7691,4.185166,3.5582,3.269467,3.068966
"2025-07-03 22:00:00",59938,22.86,46.36,0.411,189.5,2.92,0.92,21.22,111.6,12.7,-88.4,-25.47,20.37,293.5,99,-62.95,0.114,36,332.5,395.4,12.73,15.72943,15.72763,15.50467,15.18923,14.55443,9.5376,8.140567,6.4596,5.892933,5.5153,5.152233,4.749833,4.186933,3.5468,3.309133,3.072267
"2025-07-03 22:05:00",59939,21.61,49.68,0.665,149.6,52.79,0.92,21.19,104.7,10.14,-86.6,-23.71,19.95,293.1,94.6,-62.93,0.097,31.64,331.8,394.7,12.73,15.72167,15.7245,15.5997,15.14303,13.877,9.710532,8.254566,6.446967,5.8772,5.5106,5.197767,4.7726,4.1881,3.544533,3.311367,3.076633
"2025-07-03 22:10:00",59940,21.23,50.57,0.862,156.4,9.29,1,21.1,100.6,9.94,-85.2,-21.53,19.53,292.7,90.7,-63.68,0.099,27.02,330.9,394.6,12.72,15.71343,15.71623,15.61517,15.04983,13.58133,9.613233,8.1895,6.445233,5.897866,5.517433,5.2593,4.874133,4.1918,3.553633,3.2344,3.078233
"2025-07-03 22:15:00",59941,20.83,55.18,1.069,156.2,9.66,1.32,20.99,97.4,10.85,-83.8,-19.68,19.14,292.3,86.6,-64.11,0.111,22.47,330.1,394.2,12.72,15.70163,15.70597,15.59043,15.06523,13.71247,9.666333,8.326233,6.429166,6.011433,5.533233,5.256533,4.930566,4.196833,3.567633,3.230533,3.078166
"2025-07-03 22:20:00",59942,20.12,61.13,1.346,122.9,7.052,1.56,20.84,94.1,11.96,-82.7,-18.04,18.86,292,82.2,-64.68,0.127,17.49,329.5,394.2,12.72,15.69307,15.6991,15.6329,15.10997,13.78883,9.626499,8.258567,6.3871,6.073366,5.568866,5.2788,4.949133,4.1972,3.573033,3.2585,3.082433
"2025-07-03 22:25:00",59943,19.88,65.1,0.998,109.7,11.57,1.16,20.7,89.7,12.41,-82.3,-16.81,18.58,291.7,77.28,-65.51,0.138,11.77,328.4,393.9,12.72,15.69207,15.69823,15.50943,15.0104,13.5331,9.615633,8.284666,6.396699,6.145333,5.652267,5.2939,4.987866,4.189433,3.5721,3.2569,3.088
"2025-07-03 22:30:00",59944,19.33,67.42,0.803,121.1,15.53,1.08,20.54,85,13.19,-82.1,-15.91,18.33,291.5,71.8,-66.14,0.155,5.654,327.2,393.4,12.72,15.6896,15.6958,15.4793,14.88407,13.37133,9.545834,8.243,6.418399,6.082366,5.642033,5.2908,5.003466,4.165033,3.571167,3.247666,3.0886
"2025-07-03 22:35:00",59945,19.23,62.64,0.888,137.1,21.88,1.4,20.39,81.4,13.96,-80.8,-13.66,18.1,291.2,67.46,-67.13,0.172,0.333,327.2,394.3,12.71,15.67373,15.68417,15.48173,14.88043,13.17817,9.504733,8.179067,6.294,6.010666,5.607333,5.310733,5.026433,4.150267,3.563267,3.2434,3.085967
"2025-07-03 22:40:00",59946,18.94,63.79,1.227,156.9,8.57,1.48,20.21,77.78,14.71,-80.7,-11.03,17.92,291.1,63.08,-69.71,0.189,-6.629,326.2,395.9,12.71,16.15377,15.70057,15.3071,14.47813,12.86447,9.416399,8.039,6.280333,5.928333,5.575433,5.369033,5.0759,4.1479,3.5677,3.278266,3.0797
"2025-07-03 22:45:00",59947,18.5,65.28,1.195,154.4,8.75,1.32,20.05,74.23,14.8,-80.8,-10.22,17.79,290.9,59.43,-70.62,0.199,-11.19,325.4,396,12.71,16.45357,15.69273,15.2605,14.4176,12.74143,9.183,8.098333,6.291933,5.901567,5.591667,5.4539,5.1228,4.162167,3.584067,3.2833,3.0758
"2025-07-03 22:50:00",59948,18.27,66.37,1.197,119.3,14.38,1.48,19.89,70.34,13.98,-79.81,-9.34,17.59,290.7,56.36,-70.46,0.199,-14.1,325.3,395.8,12.71,16.42613,15.65027,14.97757,14.16907,12.69247,9.2935,8.273499,6.2534,5.896033,5.595866,5.472,5.1353,4.169,3.585433,3.157967,3.077033
"2025-07-03 22:55:00",59949,18.29,69.24,1.045,21.44,26.91,1.4,19.73,67.15,13.29,-79.94,-8.41,17.4,290.6,53.86,-71.53,0.198,-17.67,324.2,395.7,12.7,16.4131,15.6484,14.91307,14.2365,12.61143,9.246367,8.3504,6.301333,5.890367,5.581333,5.465466,5.1196,4.1505,3.5783,3.1572,3.0703
"2025-07-03 23:00:00",59950,18.24,74.27,0.574,32.73,27.53,0.92,19.56,63.38,12.62,-80,-8.13,17.23,290.4,50.76,-71.9,0.199,-21.14,323.1,395,12.7,16.27527,15.62927,14.906,14.26843,12.43247,9.062766,8.265233,6.3667,5.886033,5.586233,5.491333,5.1301,4.128566,3.567033,3.174133,3.056767
"2025-07-03 23:05:00",59951,18.1,67.93,1.022,46.48,13.41,1.24,19.39,60.48,12.11,-78.47,-7.7,17.08,290.2,48.37,-70.77,0.2,-22.4,323.9,394.6,12.7,16.23627,15.64097,14.8912,14.24557,12.46067,9.072332,8.108133,6.402433,5.886033,5.610633,5.515,5.150633,4.114167,3.536933,3.113266,3.042066
"2025-07-03 23:10:00",59952,18.02,67.61,0.918,2.791,12.01,1.56,19.23,57.6,11.7,-78.47,-7.441,16.94,290.1,45.9,-71.03,0.203,-25.13,323.1,394.1,12.7,16.057,15.64397,14.84827,14.09387,12.43843,9.156266,7.968333,6.410833,5.891333,5.611733,5.4938,5.1586,4.1028,3.507967,3.112333,3.058266
"2025-07-03 23:15:00",59953,18.02,70.17,0.587,5.525,60.64,0.84,19.06,53.89,10.9,-78.88,-7.432,16.81,290,42.99,-71.44,0.202,-28.45,321.9,393.4,12.7,15.87347,15.62813,14.8578,13.85373,12.20067,9.237566,7.890399,6.479466,5.941733,5.622266,5.4955,5.174366,4.0896,3.4916,3.095933,3.0695
"2025-07-03 23:20:00",59954,17.85,72.37,0.582,7.6,16.26,0.761,18.9,50.52,9.72,-78.3,-6.573,16.62,289.8,40.8,-71.73,0.192,-30.93,321.4,393.2,12.69,15.82463,15.56413,14.76387,13.30523,12.023,9.139733,7.7583,6.521166,5.921999,5.628433,5.4851,5.166466,4.076266,3.483567,3.087833,3.0694
"2025-07-03 23:25:00",59955,17.74,71.06,0.332,358.2,14.9,0.92,18.72,47.69,9.05,-78.08,-6.12,16.41,289.6,38.64,-71.96,0.19,-33.32,320.5,392.5,12.69,15.77567,15.54657,14.75497,13.141,11.97487,9.009799,7.624766,6.626299,5.901267,5.620133,5.4677,5.177299,4.079433,3.480667,3.0764,3.062133
"2025-07-03 23:30:00",59956,17.43,70.18,0.546,325.9,16.37,1.16,18.54,45.43,8.51,-77.56,-5.593,16.18,289.3,36.92,-71.97,0.187,-35.05,319.7,391.7,12.69,15.73257,15.4615,14.7752,13.12613,11.91417,8.5807,7.531733,6.666166,5.919867,5.616766,5.461533,5.179966,4.082333,3.484833,3.072867,3.045766
"2025-07-03 23:35:00",59957,16.74,70.72,1.141,14.66,31.52,1.48,18.34,43.83,8.03,-76.9,-4.826,15.92,289.1,35.81,-72.08,0.183,-36.27,319,391.1,12.68,15.6499,15.4534,14.7918,13.11103,11.7818,8.267933,7.4404,6.4912,5.949767,5.618166,5.462934,5.182967,4.0921,3.4831,3.071033,3.0472
"2025-07-03 23:40:00",59958,16.49,72.92,0.346,19.49,18.09,0.601,18.14,41.5,7.795,-76.35,-3.31,15.7,288.9,33.7,-73.04,0.188,-39.34,318.4,391.4,12.68,15.62363,15.46583,14.75723,13.02153,11.69027,8.1319,7.419333,6.4615,5.943967,5.617633,5.456033,5.190533,4.108933,3.480833,3.069833,3.048367
"2025-07-03 23:45:00",59959,16.66,70.59,0.086,272.8,20.39,0.601,17.94,39.44,4.177,-75.01,-2.052,15.44,288.6,35.26,-72.96,0.106,-37.7,318.3,391.3,12.68,15.60537,15.48627,14.76797,12.94983,11.6993,8.142266,7.409366,6.458566,5.9487,5.616733,5.437966,5.192633,4.116433,3.508766,3.078266,3.0504
"2025-07-03 23:50:00",59960,16.79,70.7,0.539,260,23.04,0.761,17.74,37.07,4.777,-74.14,-1.174,15.23,288.4,32.29,-72.96,0.13,-40.67,318,391,12.68,15.6838,15.5306,14.72077,12.81967,11.75057,8.0321,7.4187,6.537567,5.959466,5.623133,5.4228,5.170033,4.123833,3.532067,3.0791,3.059333
"2025-07-03 23:55:00",59961,16.63,70.66,0.952,337.1,9.97,1.4,17.55,35.96,6.07,-73.94,-0.351,15.09,288.2,29.89,-73.59,0.169,-43.7,317.5,391,12.68,15.69563,15.52093,14.67273,12.67077,11.74063,8.1113,7.4386,6.442133,5.993933,5.624333,5.425467,5.146933,4.138533,3.572933,3.073367,3.074
"2025-07-04 00:00:00",59962,16.07,71.97,1.096,347.6,10.88,1.32,17.36,33.65,6.85,-73.5,-0.472,14.98,288.1,26.8,-73.02,0.204,-46.23,317.3,390.3,12.67,15.61907,15.49307,14.56567,12.6778,11.6708,8.2569,7.473633,6.393167,6.0111,5.638367,5.420433,5.156199,4.183,3.563533,3.082467,3.0822
"2025-07-04 00:05:00",59963,15.73,70.69,1.229,352.3,17.58,1.719,17.19,32.45,6.537,-72.6,-0.111,14.84,288,25.92,-72.49,0.201,-46.57,317.4,389.9,12.67,15.63587,15.38803,14.1444,12.4673,11.5163,8.142266,7.452367,6.409467,6.019,5.6493,5.419667,5.176633,4.3442,3.569733,3.080667,3.0807
"2025-07-04 00:10:00",59964,15.18,72.61,1.338,6.761,6.986,1.639,17.02,25.16,5.637,-71.9,1.063,14.62,287.8,19.53,-72.96,0.241,-53.44,317,389.9,12.67,15.63293,15.07903,13.4304,12.3233,11.37477,8.3038,7.468333,6.471833,6.030633,5.673767,5.4405,5.212266,4.477733,3.5787,3.078233,3.082633
"2025-07-04 00:15:00",59965,15.11,71.84,2.084,21.41,11.14,2.918,16.83,19.67,5.264,-70.73,1.757,14.46,287.6,14.41,-72.49,0.29,-58.08,317.2,389.7,12.67,15.60533,15.1734,13.7452,12.28747,11.2241,8.417666,7.440766,6.4828,6.027867,5.653466,5.426833,5.182633,4.359033,3.577833,3.0805,3.085866
"2025-07-04 00:20:00",59966,15.48,66.55,2.822,9.66,5.845,3.397,16.67,27.73,4.625,-71.52,1.646,14.62,287.8,23.1,-73.16,0.167,-50.06,317.3,390.5,12.66,15.53243,15.29743,14.03583,12.31167,11.10397,8.4934,7.456266,6.5302,6.021399,5.624866,5.373033,5.145533,4.338833,3.5785,3.079033,3.081767
"2025-07-04 00:25:00",59967,15.41,67.44,2.747,38.23,11.83,3.317,16.54,26.1,3.765,-71.6,0.518,14.74,287.9,22.34,-72.12,0.144,-49.78,317.9,390,12.66,15.4735,15.45707,14.18153,12.29937,11.12913,8.5622,7.498267,6.545033,6.027666,5.594266,5.357966,5.141833,4.389033,3.572233,3.076333,3.0768
"2025-07-04 00:30:00",59968,15.65,65.53,2.577,41.49,7.197,3.237,16.42,24.97,3.679,-72.45,-0.065,14.84,288,21.29,-72.38,0.147,-51.09,317.6,389.9,12.66,15.4358,15.44167,14.3569,12.33817,11.13123,8.348533,7.547999,6.506967,6.0287,5.603333,5.380966,5.142533,4.397467,3.564733,3.0659,3.078467
"2025-07-04 00:35:00",59969,15.43,67.5,2.494,45.53,7.06,3.317,16.31,20.85,2.639,-72.6,-0.046,14.8,287.9,18.21,-72.55,0.128,-54.34,317.2,389.7,12.65,15.39433,15.4157,14.1929,12.2355,11.1452,8.463733,7.642966,6.604633,6.022133,5.6509,5.404033,5.163567,4.516566,3.5521,3.074267,3.0739
"2025-07-04 00:40:00",59970,15.28,66.88,4.103,41.5,4.768,4.835,16.21,13.36,2.659,-71.8,0.814,14.72,287.9,10.7,-72.62,0.202,-61.91,317.6,390.2,12.65,15.395,15.40473,14.34877,12.25453,11.18397,8.824567,7.702133,6.6851,5.9794,5.693399,5.380899,5.155466,4.2707,3.543433,3.076033,3.077133
"2025-07-04 00:45:00",59971,15.48,67.4,3.419,45.53,3.57,4.516,16.12,11.35,3.206,-72.64,0.333,14.83,288,8.15,-72.97,0.282,-64.82,317.3,390.3,12.65,15.41197,15.4039,14.80583,12.21063,11.4248,9.013932,7.747366,6.735066,5.984666,5.719633,5.3909,5.147633,4.161433,3.536667,3.078967,3.081767
"2025-07-04 00:50:00",59972,15.22,68.37,2.827,46.13,5.84,3.557,16.06,15.12,2.746,-72.68,0.407,14.75,287.9,12.38,-73.08,0.191,-60.71,316.9,390,12.65,15.42023,15.42967,15.10913,12.24397,11.64643,8.861433,7.789533,6.629733,5.974466,5.823466,5.390966,5.204133,4.185033,3.536167,3.0766,3.086633
"2025-07-04 00:55:00",59973,15.08,71.04,1.051,115.6,67.68,1.879,15.98,21.41,3.425,-73.79,-0.092,14.59,287.7,17.98,-73.7,0.16,-55.72,314.9,388.6,12.65,15.4519,15.4475,14.57853,12.38483,11.6941,8.791766,7.7186,6.496533,5.9524,5.777466,5.386233,5.169766,4.2177,3.533666,3.0791,3.0838
"2025-07-04 01:00:00",59974,15.08,68.99,1.682,221.8,44.69,2.598,15.89,21.78,4.525,-73.39,1.387,14.42,287.6,17.26,-74.78,0.207,-57.52,314.4,389.2,12.65,15.45843,15.48437,14.30017,12.3849,11.7447,8.653799,7.669566,6.4974,5.973567,5.764233,5.394166,5.151133,4.215233,3.533867,3.081666,3.082367
"2025-07-04 01:05:00",59975,15.55,66.8,0.806,52.22,74.12,1.24,15.81,22.86,7.557,-72.97,1.045,14.45,287.6,15.3,-74.02,0.331,-58.72,314.9,388.9,12.64,15.48717,15.5126,13.43907,12.178,11.67223,8.681499,7.737967,6.6858,6.034966,5.7434,5.402367,5.142466,4.210833,3.530066,3.073267,3.0828
"2025-07-04 01:10:00",59976,15.46,67.33,1.061,101.9,69.37,2.758,15.75,22.9,9.58,-71.72,0.749,14.39,287.5,13.32,-72.47,0.418,-59.15,315.9,388.3,12.64,15.49043,15.50717,13.05727,12.1569,11.5039,8.478333,7.729533,6.9039,6.0658,5.745066,5.383033,5.1285,4.0917,3.512633,3.0778,3.0827
"2025-07-04 01:15:00",59977,15.32,65.59,3.52,52.57,4.713,4.116,15.7,22.35,7.957,-70.59,2.09,14.43,287.6,14.4,-72.68,0.355,-58.29,317.2,389.9,12.64,15.42257,15.4758,13.0856,12.07603,11.34073,8.444034,7.8287,6.872467,6.091733,5.734733,5.3584,5.092966,4.035233,3.501233,3.0708,3.0666
"2025-07-04 01:20:00",59978,15.17,65.54,3.879,54.35,5.527,4.116,15.66,21.28,7.204,-71.37,1.507,14.56,287.7,14.07,-72.88,0.34,-58.81,317.1,390,12.64,15.40673,15.41523,13.21837,12.11247,11.40967,8.486266,7.928599,6.781733,6.096167,5.727933,5.351099,5.088966,4.1146,3.498,3.061466,3.073766
"2025-07-04 01:25:00",59979,15.31,65.16,4.028,47.18,5.012,4.516,15.63,11.52,3.952,-71.86,0.795,14.7,287.8,7.567,-72.65,0.341,-65.09,317.4,390,12.64,15.34347,15.34547,13.8684,12.23017,11.45497,8.397634,7.8877,6.8338,6.0878,5.727933,5.339266,5.0843,4.2155,3.5128,3.054633,3.064633
"2025-07-04 01:30:00",59980,15.56,64.22,4.034,41.51,5.406,4.676,15.61,11.58,4.112,-72.25,-0.24,14.83,288,7.467,-72.01,0.355,-64.54,317.8,389.8,12.63,15.25287,15.2502,13.88973,12.26173,11.30157,8.449266,7.9779,6.603867,6.025433,5.625299,5.3178,5.038233,4.135167,3.502733,3.0565,3.079233
"2025-07-04 01:35:00",59981,15.4,65.95,3.043,48.19,5.553,3.957,15.63,10.81,3.479,-72.8,-0.851,14.85,288,7.33,-71.95,0.322,-64.62,317.3,389.2,12.63,15.15177,15.1132,14.04597,12.12543,11.1523,8.499033,7.987166,6.666733,6.023433,5.577,5.314333,4.971967,4.036666,3.470867,3.058967,3.067233
"2025-07-04 01:40:00",59982,15.12,68.47,0.915,84.5,37.2,1.719,15.63,10.52,5.665,-73.39,-1.239,14.6,287.7,4.858,-72.15,0.529,-67.29,315.3,387.5,12.63,15.10167,15.05,13.8174,11.92547,11.12327,8.542832,7.9862,6.847833,6.0309,5.5685,5.322967,4.940599,3.861933,3.464333,3.064266,3.078933
"2025-07-04 01:45:00",59983,15.05,67.7,1.722,48.4,18.93,3.078,15.61,16.97,7.357,-70.86,-0.037,14.33,287.5,9.61,-70.82,0.431,-61.22,316.4,387.2,12.63,15.06867,15.0489,14.18963,11.9243,11.17847,8.573032,8.011833,6.821566,6.0352,5.525167,5.3145,4.956533,3.726467,3.433867,3.0621,3.072733
"2025-07-04 01:50:00",59984,15.12,66.54,2.75,46.71,5.289,3.237,15.6,11.43,4.085,-70.35,0.915,14.31,287.5,7.347,-71.27,0.357,-63.92,316.8,388.1,12.63,15.0629,15.0643,14.4831,12.11887,11.15383,8.4839,8.022433,6.742599,6.030066,5.5034,5.3085,4.9479,3.7888,3.412733,3.064266,3.0499
"2025-07-04 01:55:00",59985,14.9,69.18,1.562,31.77,15.29,2.279,15.57,11.13,3.399,-71.7,0.74,14.22,287.4,7.73,-72.44,0.305,-64.71,315,387.4,12.63,15.01863,15.00377,14.5536,12.469,11.23333,8.587733,8.051933,6.710066,6.025866,5.5125,5.307733,4.953866,3.7067,3.3657,3.0712,3.0574
"2025-07-04 02:00:00",59986,14.43,74.42,0.689,323,38.08,1.08,15.52,9.88,2.066,-72.56,1.295,13.88,287,7.816,-73.85,0.209,-66.04,312.3,386.2,12.63,14.96877,14.96133,14.4786,12.39863,11.2585,8.647367,7.971366,6.736066,6.021667,5.495833,5.289833,4.954166,3.625167,3.3619,3.073833,3.0655
"2025-07-04 02:05:00",59987,14.29,72.5,0.671,288.2,52.8,1.24,15.47,10.62,3.512,-70.92,2.673,13.51,286.7,7.106,-73.59,0.328,-66.48,311.9,385.5,12.62,14.92293,14.9255,14.39667,12.2268,11.23053,8.7069,8.047533,6.717166,6.007933,5.485433,5.270733,4.949033,3.667833,3.353933,3.052933,3.083266
"2025-07-04 02:10:00",59988,14.19,71.14,2.414,40.67,8.92,3.637,15.42,12.44,4.345,-68.56,3.773,13.28,286.4,8.09,-72.34,0.35,-64.24,313.1,385.4,12.62,14.8513,14.89697,14.45313,12.36687,11.23157,8.744233,7.9137,6.735967,5.9576,5.474533,5.2637,4.952833,3.934333,3.392367,3.054667,3.067966
"2025-07-04 02:15:00",59989,14.12,71.62,2.076,178.4,64.02,3.237,15.38,14.06,4.512,-70.19,4.06,13.31,286.5,9.54,-74.25,0.321,-64.7,311.6,385.9,12.62,14.8506,14.86677,14.4243,11.99973,11.10033,8.757999,7.894166,6.851099,6.0074,5.528833,5.279133,4.965033,4.189933,3.427833,3.063833,3.042167
"2025-07-04 02:20:00",59990,14.75,66.78,0.843,283.5,42,1.4,15.33,15.38,6.311,-69.97,3.847,13.42,286.6,9.07,-73.82,0.41,-64.75,312.4,386.2,12.62,14.83857,14.8294,14.43183,11.9752,11.0709,8.774299,8.0358,6.920333,6.0528,5.5725,5.281967,4.9688,4.319167,3.455667,3.129833,3.056667
"2025-07-04 02:25:00",59991,15.13,65.29,1.927,352.6,28.55,2.998,15.31,17.21,9.12,-70.34,2.996,13.55,286.7,8.09,-73.33,0.541,-65.25,312.7,386.1,12.61,14.798,14.8029,14.47797,12.0653,11.2495,8.794333,8.0992,6.970167,6.070366,5.6231,5.276033,4.9909,4.4956,3.4995,3.1908,3.055167
"2025-07-04 02:30:00",59992,14.65,67.93,2.276,346.8,17.33,2.998,15.32,32.05,11.74,-71.53,2.099,13.7,286.9,20.31,-73.63,0.366,-53.32,312.4,386,12.62,14.7414,14.7676,14.41967,11.97283,11.13807,8.769433,8.208333,7.0194,6.082633,5.717367,5.2749,5.100633,4.5149,3.554267,3.192267,3.0709
"2025-07-04 02:35:00",59993,14.12,70.81,1.658,327.9,16.25,2.119,15.32,33.88,11.32,-71.28,2.404,13.56,286.7,22.56,-73.68,0.334,-51.12,311.9,385.5,12.61,14.7399,14.73387,14.22983,12.04037,11.00993,8.802632,8.3623,7.035066,6.0847,5.667399,5.263233,5.128033,4.519266,3.5728,3.194633,3.0674
"2025-07-04 02:40:00",59994,14.2,69.49,1.157,335,26.25,1.56,15.29,37.4,15.75,-70.69,1.785,13.54,286.7,21.66,-72.47,0.421,-50.81,312.3,384.8,12.62,14.67673,14.67083,13.98773,11.99047,10.89657,8.800533,8.330934,7.0251,6.066066,5.538333,5.241033,5.150366,4.548533,3.546933,3.185933,3.044
"2025-07-04 02:45:00",59995,14.68,67.15,1.155,303,49.23,1.56,15.31,39.8,15.88,-71.53,0.388,13.73,286.9,23.92,-71.92,0.399,-48,312.5,384.4,12.62,14.6416,14.64333,13.87803,11.9439,10.81777,8.752267,8.197733,6.996966,6.0376,5.456533,5.2247,5.140133,4.541367,3.5397,3.131167,3.032833
"2025-07-04 02:50:00",59996,14.99,65.94,1.44,301.3,25.51,1.959,15.36,28.24,10.48,-72.01,-0.24,13.95,287.1,17.77,-71.76,0.379,-54,313.2,385,12.61,14.56093,14.6067,13.9164,11.86547,10.78327,8.703966,8.0449,6.991833,6.0377,5.437733,5.221499,5.1266,4.493133,3.543833,3.0998,3.0019
"2025-07-04 02:55:00",59997,15.37,64.19,1.373,325.8,19.3,2.199,15.41,34.95,12.38,-72.76,-1.702,14.19,287.3,22.57,-71.06,0.366,-48.49,313.8,384.8,12.61,14.5317,14.56493,14.01603,11.88547,10.7553,8.684333,7.9166,6.9853,6.0388,5.4365,5.217267,5.141433,4.493467,3.548466,3.103867,2.9999
"2025-07-04 03:00:00",59998,15.43,64.51,1.336,327.2,17.93,1.719,15.49,44.01,12.39,-74.05,-2.839,14.37,287.5,31.62,-71.21,0.281,-39.59,313.4,384.7,12.61,14.4931,14.5177,14.0402,11.84603,10.7363,8.705899,7.987299,6.991733,6.037666,5.472167,5.226067,5.1524,4.533633,3.6791,3.141133,3.006267
"2025-07-04 03:05:00",59999,14.75,68.74,2.196,313.6,7.037,2.359,15.6,42.56,5.471,-73.32,-1.84,14.21,287.4,37.09,-71.48,0.128,-34.4,313.3,384.8,12.61,14.4154,14.44943,14.0375,11.58443,10.7478,8.788633,8.1476,7.091033,6.060566,5.6119,5.277233,5.183233,4.540566,3.914633,3.152966,3.017967
"2025-07-04 03:10:00",60000,14.29,69.97,1.645,325.1,19.48,2.119,15.64,45.41,5.971,-71.32,-0.527,13.92,287.1,39.44,-70.79,0.131,-31.36,313.7,384.5,12.61,14.34107,14.34317,13.80453,11.3604,10.6953,9.003699,8.292333,7.248766,6.1164,5.7602,5.3219,5.184967,4.537066,3.960866,3.151933,3.017267
"2025-07-04 03:15:00",60001,14.02,71.97,1.709,328.1,10.7,2.199,15.64,48.07,6.344,-71.44,-0.314,13.73,286.9,41.73,-71.13,0.132,-29.4,312.6,383.7,12.61,14.27477,14.25507,13.16057,11.575,10.59787,9.074533,8.378167,7.3732,6.149966,5.8116,5.310133,5.1951,4.5097,3.977833,3.164033,3.014433
"2025-07-04 03:20:00",60002,14.27,69.94,1.485,326.8,9.86,1.959,15.63,46.44,8.5,-70.57,-0.592,13.69,286.8,37.94,-69.97,0.189,-32.03,313.3,383.2,12.61,14.17597,14.1223,13.06953,11.75777,10.56077,9.198166,8.467933,7.5094,6.3481,5.862,5.379,5.213733,4.5036,3.999333,3.184666,3.016767
"2025-07-04 03:25:00",60003,14.43,70.32,1.807,329.1,11.03,2.359,15.65,38.28,8.22,-71.21,-1.35,13.71,286.9,30.06,-69.86,0.238,-39.81,312.7,382.6,12.61,14.0736,13.9794,13.05323,11.88987,10.52123,9.1385,8.469566,7.512,6.585,5.886133,5.423767,5.2302,4.519667,4.039,3.1938,3.0087
"2025-07-04 03:30:00",60004,14.45,70.02,1.061,295.6,21.39,1.48,15.66,56.1,12.9,-72.49,-2.765,13.75,286.9,43.2,-69.72,0.229,-26.52,311.7,381.4,12.61,13.906,13.89983,12.85007,11.34307,10.4579,8.955632,8.432266,7.463533,6.661767,5.9254,5.440367,5.252166,4.542966,4.065333,3.213533,3.014266
"2025-07-04 03:35:00",60005,14.61,69.86,1.219,278.3,16.81,1.959,15.7,58.79,22.99,-72.19,-3.616,13.8,286.9,35.8,-68.58,0.391,-32.78,312.2,380.8,12.61,13.87717,13.34173,12.6413,10.7885,10.38937,9.0701,8.460366,7.374733,6.4437,5.901033,5.426333,5.263067,4.592133,4.067833,3.230866,3.0209
"2025-07-04 03:40:00",60006,14.8,68.16,1.333,312.2,40.01,2.039,15.75,62.3,19.93,-71.16,-3.801,13.93,287.1,42.38,-67.36,0.319,-24.98,314,381.3,12.61,13.82713,12.97583,12.48913,10.55853,10.36777,9.180099,8.501933,7.386533,6.2211,5.8382,5.3799,5.260666,4.547066,4.034533,3.228767,3.020667
"2025-07-04 03:45:00",60007,15.27,67.11,1.006,351.4,81.7,1.719,15.81,64.65,16.27,-72.5,-5.243,14.16,287.3,48.38,-67.26,0.252,-18.88,313.9,381.1,12.61,13.78617,12.8958,12.3039,10.50283,10.317,9.1858,8.594732,7.496367,6.229966,5.876733,5.431167,5.294667,4.5379,4.015966,3.228,3.019666
"2025-07-04 03:50:00",60008,15.94,64.06,0.684,321.2,41.61,1.799,15.91,67.13,14.55,-73.28,-6.455,14.38,287.5,52.58,-66.83,0.217,-14.25,314.3,381.1,12.61,13.69697,12.87417,12.23363,10.41257,10.30167,9.133033,8.616866,7.511433,6.3245,5.924366,5.467066,5.314233,4.568367,3.9608,3.259967,3.0161
"2025-07-04 03:55:00",60009,15.77,65.83,2.521,17.09,18.54,3.237,16.04,70.79,10.16,-73.52,-6.797,14.6,287.7,60.63,-66.73,0.144,-6.1,315.2,381.9,12.61,13.6279,12.7689,11.90687,10.40187,10.2859,9.099833,8.739799,7.5313,6.334566,5.875267,5.397233,5.251299,4.4832,3.940733,3.219266,3.0151
"2025-07-04 04:00:00",60010,15.1,69.09,3.501,30.09,5.535,3.877,16.14,73.38,7.297,-72.81,-6.973,14.63,287.8,66.08,-65.84,0.099,0.244,316.1,381.9,12.61,13.55183,12.82677,12.12967,10.3739,10.2987,9.1692,8.830233,7.652867,6.3664,5.802066,5.358633,5.2434,4.459933,3.9249,3.1898,3.013667
"2025-07-04 04:05:00",60011,15.35,67.07,3.565,40,6.258,3.957,16.2,77.66,8.18,-72.01,-8.29,14.77,287.9,69.48,-63.72,0.105,5.763,317.6,381.4,12.61,13.31493,13.1216,12.39157,10.3513,10.2845,9.180433,8.792532,7.7397,6.3402,5.7688,5.344433,5.231133,4.460433,3.892967,3.119067,3.011167
"2025-07-04 04:10:00",60012,16.05,64.79,2.26,56.3,9.16,3.078,16.26,82,9.88,-74.53,-11,15.1,288.3,72.12,-63.53,0.12,8.59,316.9,380.4,12.61,13.08547,13.0338,12.51643,10.36263,10.29513,9.322865,8.912299,7.844367,6.272367,5.755,5.3603,5.240966,4.449466,3.8715,3.132,3.014933
"2025-07-04 04:15:00",60013,16.14,64.58,1.884,76.82,28.58,2.998,16.36,85.9,11.02,-75.92,-11.98,15.27,288.4,74.87,-63.93,0.128,10.94,316.5,380.4,12.61,13.1246,13.05107,12.70363,10.3673,10.2819,9.3733,8.9872,7.8242,6.2324,5.8215,5.394366,5.260333,4.518733,3.8683,3.215733,3.0083
"2025-07-04 04:20:00",60014,16.51,63.14,0.8,83.2,54.54,1.32,16.51,89.9,13.85,-76.21,-13.23,15.44,288.6,76.05,-62.98,0.154,13.07,317.1,380.1,12.61,13.22497,13.17087,12.90097,11.3379,10.3287,9.3441,8.924466,7.7988,6.359933,5.860499,5.438833,5.273366,4.647333,3.798433,3.302633,3.016267
"2025-07-04 04:25:00",60015,17.05,60.23,1.773,59.92,14.19,2.998,16.71,93.7,14.34,-76.62,-13.6,15.66,288.8,79.35,-63.02,0.153,16.33,317.9,380.9,12.61,13.30187,13.19923,12.4672,11.66993,10.31083,9.311466,8.8994,7.920233,6.6415,5.896367,5.458867,5.268733,4.688033,3.599366,3.340633,3.0212
"2025-07-04 04:30:00",60016,17.21,59.33,2.252,57.79,8.66,2.998,16.92,97.9,14.63,-78.04,-14.69,15.94,289.1,83.2,-63.35,0.15,19.87,318,381.3,12.61,13.31583,13.0948,12.2501,11.0409,10.28897,9.3613,8.968299,7.8296,6.567333,5.870166,5.447533,5.234933,4.439733,3.5662,3.333033,3.023233
"2025-07-04 04:35:00",60017,17.39,58.14,2.609,47.41,6.111,2.998,17.14,101,15.39,-79.08,-16.32,16.25,289.4,85.6,-62.76,0.152,22.82,318.6,381.4,12.61,13.26117,13.09193,12.20833,10.94853,10.29287,9.395733,9.084932,7.836433,6.372933,5.794066,5.422366,5.233333,4.3741,3.530233,3.323433,3.0193
"2025-07-04 04:40:00",60018,17.41,59.1,1.94,69.91,16.99,2.758,17.35,105.1,16.82,-80.8,-18.38,16.43,289.6,88.3,-62.43,0.16,25.87,317.9,380.3,12.61,13.15267,13.11737,12.08617,10.77623,10.31247,9.390733,9.024632,7.7731,6.3628,5.809333,5.450633,5.245166,4.5393,3.5902,3.277566,3.020866
"2025-07-04 04:45:00",60019,17.45,60.17,2.063,49.28,12.76,2.598,17.54,109.4,17.75,-81.8,-19.83,16.54,289.7,91.6,-61.98,0.162,29.63,317.5,379.5,12.62,12.9987,12.9753,11.9986,10.97443,10.50063,9.427333,9.035566,7.751666,6.2699,5.868,5.530933,5.262167,4.636499,3.6649,3.286167,3.0156
"2025-07-04 04:50:00",60020,17.38,59.66,2.857,49.47,4.723,3.637,17.72,114.8,22.57,-81.1,-20.25,16.6,289.7,92.2,-60.82,0.196,31.4,318.6,379.4,12.62,12.80257,12.79267,12.11503,11.26503,10.67667,9.415633,9.0511,7.603,6.138967,5.7846,5.457167,5.254167,4.534667,3.648333,3.190067,3.014966
"2025-07-04 04:55:00",60021,17.78,57.39,3.016,53.93,5.239,3.637,17.87,120.3,27.41,-81.4,-21.34,16.8,290,92.9,-60.08,0.228,32.84,319.3,379.4,12.62,12.65173,12.64113,12.36323,11.21077,10.8442,9.4523,9.047233,7.561966,6.0871,5.7071,5.4102,5.224733,4.390767,3.477267,3.0861,3.008533
"2025-07-04 05:00:00",60022,18.06,57.98,1.876,66.13,15.13,2.199,18.02,125.6,32.7,-83,-23.16,17.03,290.2,92.9,-59.85,0.26,33.08,319,378.9,12.62,12.54037,12.5013,11.97783,11.1217,10.70707,9.523866,9.066199,7.575733,6.074166,5.697667,5.3968,5.199233,4.336166,3.480033,3.0685,3.0018
"2025-07-04 05:05:00",60023,18.11,58.07,2.449,41.21,6.009,3.237,18.19,130.8,35.79,-83.6,-24.46,17.22,290.4,95,-59.12,0.274,35.85,319.5,378.6,12.62,12.48863,12.4127,11.88337,10.98323,10.63907,9.549565,9.030232,7.5409,6.122833,5.7077,5.424634,5.201766,4.3681,3.499833,3.070667,2.9964
"2025-07-04 05:10:00",60024,18.05,57.86,2.097,53.58,30.38,2.998,18.36,136.1,37.98,-83.8,-24.68,17.36,290.5,98.1,-59.1,0.279,38.98,320.1,379.2,12.62,12.4539,12.35123,11.54417,10.73777,10.49667,9.590566,8.987,7.076,6.065066,5.7125,5.438533,5.1995,4.415,3.5762,3.068133,3.001833
"2025-07-04 05:15:00",60025,18.64,54.45,2.454,64.92,10.72,2.838,18.53,142.1,39.34,-84.5,-25.89,17.66,290.8,102.8,-58.63,0.277,44.14,321,379.6,12.63,12.48027,12.42113,11.8775,10.80323,10.35337,9.680567,9.041099,6.943333,6.018266,5.692,5.394266,5.152566,4.4042,3.608766,3.075767,3.0045
"2025-07-04 05:20:00",60026,18.7,56.99,2.665,33.89,11.54,3.397,18.71,146.8,39.11,-86.6,-26.58,17.91,291.1,107.7,-59.99,0.266,47.71,320.4,380.3,12.63,12.58513,12.55483,12.18227,11.11083,10.28987,9.618266,8.9576,6.700266,5.950233,5.664067,5.327966,5.033866,4.324667,3.587233,3.071033,3.0101
"2025-07-04 05:25:00",60027,17.72,60.71,3.403,27.07,5.651,3.957,18.85,151.2,37.67,-87.1,-25.13,17.75,290.9,113.5,-61.99,0.249,51.52,318.9,380.9,12.63,12.77,12.75017,12.48957,11.4881,10.4821,9.551666,8.754133,6.516033,5.920533,5.674799,5.340533,5.0307,4.2779,3.5244,3.068933,3.007467
"2025-07-04 05:30:00",60028,17.16,62.46,3.389,31.64,7.542,3.957,18.92,156.6,37.53,-85.1,-23.13,17.39,290.5,119,-61.97,0.24,57.06,318.9,380.9,12.63,12.82977,12.78127,12.4561,11.6604,10.74027,9.591599,8.598033,6.537267,5.923833,5.7033,5.443466,5.109366,4.306666,3.5337,3.0804,3.0088
"2025-07-04 05:35:00",60029,17.43,62.15,3.123,33.85,5.927,3.717,18.94,163.8,39.78,-85,-22.91,17.34,290.5,124,-62.08,0.243,61.95,318.8,380.8,12.63,12.84653,12.80103,12.58097,11.93743,11.04733,9.668333,8.560866,6.5677,5.947866,5.712433,5.48,5.167633,4.311633,3.569767,3.074867,3.0102
"2025-07-04 05:40:00",60030,17.73,60.7,3.309,39.85,4.777,3.957,18.97,170.1,40.66,-84.8,-23.55,17.48,290.6,129.5,-61.26,0.239,68.21,319.7,381,12.63,12.79147,12.64197,12.54563,11.84707,10.9836,9.708467,8.680066,6.651933,5.968167,5.7381,5.492333,5.214,4.304333,3.561133,3.0676,3.012
"2025-07-04 05:45:00",60031,18.19,58.8,2.939,45.92,5.567,3.717,19.03,176.2,42.29,-85.6,-25.23,17.73,290.9,133.9,-60.35,0.24,73.53,320.3,380.7,12.63,12.70217,12.59583,12.35897,11.75277,10.54787,9.7436,8.778199,6.748066,6.0079,5.795899,5.549799,5.2353,4.324133,3.5569,3.073066,3.0123
"2025-07-04 05:50:00",60032,18.66,55.53,3.291,41.11,6.86,3.957,19.12,182.5,42.2,-86.4,-26.45,18.04,291.2,140.3,-59.99,0.231,80.3,321.2,381.2,12.63,12.71023,12.65883,12.34467,11.65433,10.0438,9.706699,8.693933,6.718866,5.984,5.823066,5.593433,5.309433,4.407233,3.558467,3.1542,3.012833
"2025-07-04 05:55:00",60033,18.71,57.43,3.051,33.75,9.16,3.397,19.24,187.9,41.77,-87.7,-27.88,18.25,291.4,146.2,-59.81,0.222,86.4,321.2,381,12.63,12.74003,12.70437,12.59033,12.18203,10.1967,9.645,8.554733,6.683233,5.972466,5.822999,5.627867,5.453066,4.434366,3.558266,3.2561,3.013767
"2025-07-04 06:00:00",60034,18.48,57.98,3.474,31.46,4.37,4.196,19.34,194.5,41.13,-86.9,-27.45,18.22,291.4,153.4,-59.46,0.211,93.9,321.8,381.2,12.64,12.7023,12.6701,12.553,12.19227,10.5436,9.593733,8.640733,6.7653,5.980899,5.822767,5.632367,5.3982,4.384533,3.562466,3.343467,3.013267
"2025-07-04 06:05:00",60035,19.15,54.88,2.984,47.02,5.967,3.637,19.44,202.1,43.29,-87.6,-29.11,18.51,291.7,158.8,-58.44,0.214,100.4,322.7,381.2,12.64,12.666,12.63217,12.53203,11.9511,10.99997,9.488132,8.6004,6.6569,5.963666,5.813766,5.585433,5.389766,4.378333,3.5641,3.356833,3.0137
"2025-07-04 06:10:00",60036,19.31,53.16,3.538,37.6,5.288,4.196,19.56,207.9,42.18,-88.4,-30.54,18.77,291.9,165.7,-57.88,0.203,107.8,323.3,381.2,12.64,12.6396,12.61913,12.4769,11.78973,11.1593,9.339067,8.548733,6.599533,5.989266,5.8469,5.5894,5.3461,4.414333,3.561667,3.243466,3.013933
"2025-07-04 06:15:00",60037,19.13,55.13,3.461,30.83,6.211,4.036,19.7,213.9,40.89,-89,-31.27,18.84,292,173,-57.7,0.191,115.3,323.2,380.9,12.64,12.56123,12.5407,12.47287,11.92003,11.2213,9.303599,8.4732,6.5331,6.012233,5.881467,5.511366,5.2683,4.408967,3.540533,3.219,3.016933
"2025-07-04 06:20:00",60038,19.37,52.2,3.866,41.69,5.746,4.915,19.81,222.4,42.23,-88.1,-31.46,18.88,292,180.2,-56.67,0.19,123.5,324.2,380.9,12.65,12.53077,12.48227,12.33263,11.98817,11.2035,9.345834,8.462633,6.649233,6.060733,5.876266,5.518899,5.264933,4.423233,3.528767,3.229267,3.016567
"2025-07-04 06:25:00",60039,19.84,49.64,3.954,41.09,6.84,4.676,19.92,230,43.1,-89.1,-33.38,19.17,292.3,186.9,-55.74,0.187,131.1,324.9,380.7,12.66,12.37317,12.352,12.26727,12.01533,11.50083,9.507133,8.485733,6.614333,6.058199,5.874133,5.4745,5.241066,4.390833,3.532533,3.2013,3.014867
"2025-07-04 06:30:00",60040,19.48,53.22,4.004,24.37,6.951,4.436,20.04,235,40.03,-89.4,-34.2,19.19,292.3,195,-55.2,0.17,139.8,324.7,379.9,12.67,12.2019,12.19323,12.14727,11.88253,11.45313,9.512532,8.5623,6.598333,6.081067,5.793733,5.3639,5.211466,4.370566,3.527267,3.183067,3.011
"2025-07-04 06:35:00",60041,19.1,54.18,4.103,23.76,6.076,4.756,20.11,242,39.71,-86.7,-32.33,18.78,291.9,202.2,-54.42,0.164,147.8,325.1,379.5,12.68,12.1218,12.10757,12.0534,11.759,11.386,9.490233,8.618366,6.892066,6.120866,5.754133,5.373733,5.1974,4.405066,3.5275,3.1715,3.010333
"2025-07-04 06:40:00",60042,19.63,51.74,3.845,33.65,10.37,4.756,20.14,250.2,42.32,-86.6,-33.12,18.86,292,207.9,-53.49,0.169,154.4,325.6,379.1,12.71,12.0929,12.0806,12.03057,11.74537,11.278,9.512099,8.636399,7.1162,6.139067,5.782066,5.4315,5.190766,4.397433,3.5303,3.164633,3.0155
"2025-07-04 06:45:00",60043,20.27,48.9,3.964,40.44,5.033,4.596,20.22,258,43.12,-88.1,-35.21,19.3,292.4,214.8,-52.9,0.167,161.9,326.6,379.5,12.75,12.0825,12.0742,12.04023,11.84757,11.4455,9.517333,8.5791,7.118333,6.137666,5.822233,5.4275,5.187966,4.4499,3.5377,3.1381,3.017566
"2025-07-04 06:50:00",60044,20.65,46.61,4.015,50.87,5.028,4.676,20.35,264.9,42.3,-90,-37.54,19.74,292.9,222.6,-52.44,0.16,170.1,327.2,379.7,12.78,12.06913,12.0677,12.04747,11.98703,11.67047,9.756433,8.593333,7.147367,6.1278,5.729367,5.3742,5.113666,4.488033,3.584533,3.144233,3.015233
"2025-07-04 06:55:00",60045,20.66,46.96,4.063,45.15,6.014,4.756,20.52,271.6,41.84,-90.6,-38.96,19.96,293.1,229.8,-51.62,0.154,178.2,327.9,379.5,12.83,12.07463,12.0536,12.01373,11.8708,11.75257,9.806066,8.577166,7.174933,6.153399,5.797633,5.393733,4.9379,4.447767,3.573433,3.128267,3.019467
"2025-07-04 07:00:00",60046,20.72,46.77,4.02,45.02,5.007,4.596,20.68,279.3,40.71,-90.8,-39.45,20.09,293.2,238.6,-51.4,0.146,187.2,328.4,379.8,12.88,12.02637,12.0208,11.99917,11.92433,11.7128,9.883932,8.6178,7.108133,6.1629,5.8043,5.428833,4.931133,4.402233,3.535633,3.141067,3.024733
"2025-07-04 07:05:00",60047,20.86,46.35,4.191,46.29,5.444,4.835,20.84,287.2,40.48,-91,-40.03,20.23,293.4,246.7,-50.96,0.141,195.8,329.1,380,12.94,12.01483,12.00253,11.9799,11.76453,11.56147,9.6465,8.524199,7.116466,6.330667,5.9983,5.482467,5.1578,4.398733,3.5359,3.122133,3.021767
"2025-07-04 07:10:00",60048,21.08,44.93,3.645,46.44,4.347,4.356,21,294.3,39.86,-90.8,-40.55,20.35,293.5,254.4,-50.27,0.135,204.2,329.9,380.2,13.01,12.0235,12.00067,11.99103,11.86413,11.66493,9.747967,8.445766,7.081167,6.491899,6.127833,5.469666,5.258433,4.403566,3.5528,3.124466,3.019367
"2025-07-04 07:15:00",60049,21.32,44.72,3.637,48.91,4.855,4.356,21.16,301.2,40.2,-91,-41.13,20.48,293.6,261,-49.9,0.133,211.1,330.5,380.4,13.08,11.99033,11.96493,11.95047,11.9239,11.8585,9.870565,8.431,6.963933,6.449433,6.0762,5.439233,5.225299,4.434133,3.521733,3.1229,3.0198
"2025-07-04 07:20:00",60050,21.4,43.67,3.874,48.67,5,4.356,21.33,309.6,40.22,-91.6,-42.21,20.66,293.8,269.3,-49.34,0.13,220,331,380.3,13.15,11.9729,11.95977,11.93547,11.86887,11.7421,9.8824,8.435566,6.946533,6.428433,5.909866,5.5129,5.242833,4.465933,3.514667,3.1055,3.021567
"2025-07-04 07:25:00",60051,21.55,43.44,3.863,48.55,6.602,4.596,21.49,316.5,39.15,-92,-43.03,20.84,294,277.4,-48.96,0.124,228.4,331.6,380.5,13.21,11.9601,11.9268,11.90153,11.8395,11.666,9.640399,8.4222,6.9989,6.228533,5.8764,5.4958,5.240533,4.494066,3.5079,3.0991,3.0219
"2025-07-04 07:30:00",60052,21.63,42.7,3.818,48.1,5.122,4.356,21.65,323.5,38.11,-92,-43.64,20.95,294.1,285.4,-48.37,0.118,237.1,332.2,380.5,13.26,11.93797,11.91667,11.86687,11.7662,11.53043,9.676366,8.444532,7.047133,6.3504,5.8791,5.481033,5.163666,4.459333,3.476067,3.083733,3.020366
"2025-07-04 07:35:00",60053,21.8,42.99,3.509,46.17,6.711,4.036,21.8,331.1,37.59,-92.3,-44.34,21.08,294.2,293.5,-47.93,0.114,245.6,332.7,380.6,13.29,11.93337,11.9193,11.9082,11.8416,11.69133,9.757899,8.4262,7.054733,6.1865,5.868367,5.4998,5.1525,4.411166,3.4084,3.077667,3.022767
"2025-07-04 07:40:00",60054,21.76,43.78,3.158,43.62,8.85,3.877,21.96,337.8,36.24,-92.1,-44.61,21.13,294.3,301.5,-47.5,0.107,254,333.1,380.6,13.32,11.9472,11.94223,11.89363,11.75193,11.5147,9.594067,8.402233,7.102366,6.166067,5.836833,5.511033,5.1741,4.360666,3.3649,3.074466,3.029
"2025-07-04 07:45:00",60055,21.96,41.8,3.32,47.98,7.372,4.116,22.11,346.1,37.65,-92.5,-45.13,21.28,294.4,308.4,-47.32,0.109,261.1,333.7,381,13.32,12.1318,12.00477,11.86027,11.7791,11.43617,9.345265,8.436,7.169533,6.164166,5.784066,5.3955,5.124067,4.396066,3.371867,3.066967,3.0317
"2025-07-04 07:50:00",60056,22.05,41.49,3.056,44.24,10.2,3.957,22.27,353.9,36.6,-93,-44.95,21.4,294.5,317.3,-48.02,0.103,269.3,333.8,381.8,13.31,12.22847,12.02943,11.8804,11.7218,11.39907,9.453899,8.338099,7.191667,6.151067,5.756999,5.333867,5.147533,4.417033,3.389133,3.0682,3.035833
"2025-07-04 07:55:00",60057,22.03,41.81,3.235,43.51,7.375,4.036,22.42,361.8,35.74,-92.8,-44.9,21.5,294.6,326.1,-47.92,0.099,278.2,334.5,382.5,13.3,12.3122,12.16843,11.93747,11.71183,11.44423,9.572566,8.402599,7.241433,6.154366,5.797767,5.3541,5.149966,4.410833,3.3769,3.0657,3.0338
"2025-07-04 08:00:00",60058,22.24,40.72,2.593,54.63,13.38,4.196,22.57,370.2,36.14,-93.7,-45.9,21.7,294.9,334,-47.83,0.098,286.2,334.8,382.6,13.3,12.31537,12.23217,12.0795,11.81013,11.40197,9.568366,8.431666,7.264966,6.161,5.796933,5.367033,5.145,4.408967,3.371733,3.0848,3.0352
"2025-07-04 08:05:00",60059,22.16,41.36,2.196,41.54,10.54,2.678,22.75,376.7,34.02,-94.4,-46.52,21.89,295,342.6,-47.88,0.09,294.8,335.2,383.1,13.3,12.49717,12.38847,12.09867,11.8402,11.41133,9.474432,8.6127,7.320199,6.307133,5.8791,5.365366,5.105,4.359666,3.384467,3.141267,3.041667
"2025-07-04 08:10:00",60060,22.36,40.17,2.1,38.96,12.04,3.078,22.93,385,34.74,-95,-46.95,22.11,295.3,350.2,-48.09,0.09,302.1,335.9,384,13.29,12.5703,12.27367,11.94423,11.6339,11.4272,9.438933,8.806566,7.286866,6.3057,5.846033,5.373633,5.0792,4.287933,3.402833,3.153433,3.0527
"2025-07-04 08:15:00",60061,22.22,40.76,1.714,27.77,19.01,2.598,23.11,390.2,31.45,-95.9,-47.66,22.32,295.5,358.7,-48.29,0.081,310.4,336.2,384.5,13.29,12.64853,12.20177,11.68943,11.51963,11.3099,9.410167,8.895033,7.187067,6.237366,5.918,5.384267,4.945366,4.178733,3.4105,3.1493,3.054466
"2025-07-04 08:20:00",60062,22.42,40.58,1.954,22.05,14.59,2.518,23.29,398.2,30.58,-96.1,-48.19,22.48,295.6,367.6,-47.88,0.077,319.7,337,384.9,13.28,12.72887,12.23987,11.70267,11.31247,11.01607,9.345033,8.710333,7.204533,6.2287,6.055133,5.396633,4.897966,4.297633,3.415767,3.170433,3.058666
"2025-07-04 08:25:00",60063,21.63,44.22,1.858,20.67,37.77,2.518,23.43,404.1,27.59,-95,-46.45,22.23,295.4,376.5,-48.51,0.068,328,336.7,385.2,13.28,12.77717,12.3196,11.7111,11.28897,10.86217,9.266433,8.620266,7.236,6.235499,5.8937,5.381766,4.912933,4.244433,3.423767,3.190867,3.067966
"2025-07-04 08:30:00",60064,21.77,42.99,0.832,131.2,24.14,1.24,23.54,412.2,29.57,-94.2,-45.45,22.2,295.3,382.6,-48.74,0.072,333.8,337.2,386,13.28,12.8915,12.3763,11.70247,11.44143,10.88287,9.209733,8.5431,7.258866,6.2433,5.989333,5.392066,4.9238,4.275433,3.473133,3.213666,3.057133
"2025-07-04 08:35:00",60065,22.04,42.77,0.681,207.4,37.82,1.08,23.71,418.5,28.67,-95.8,-46.56,22.5,295.7,389.8,-49.23,0.069,340.6,337.4,386.7,13.27,12.99037,12.3832,11.72163,11.42587,10.86227,9.209867,8.445566,7.2097,6.256066,5.933133,5.5008,4.953367,4.294233,3.4949,3.254033,3.057467
"2025-07-04 08:40:00",60066,22.14,42.22,1.064,260.6,7.592,1.24,23.86,425,28.69,-96.2,-46.25,22.65,295.8,396.3,-49.98,0.067,346.4,337.9,387.9,13.27,13.06467,12.4028,11.7307,11.4134,10.98907,9.2349,8.382266,7.228966,6.269266,5.8613,5.484566,5.001266,4.2916,3.552533,3.278433,3.038266
"2025-07-04 08:45:00",60067,21.84,43.06,1.275,253.2,3.656,1.48,24.01,431.8,27.42,-96.8,-46.84,22.69,295.8,404.4,-49.99,0.063,354.4,337.5,387.5,13.27,13.00843,12.07327,11.6313,11.3846,10.83237,9.172333,8.301933,7.245766,6.285467,5.761499,5.353166,4.949333,4.269933,3.557766,3.2445,3.031133
"2025-07-04 08:50:00",60068,22.08,41.12,1.413,250.2,5.329,1.56,24.12,440.9,28.39,-95.9,-46.82,22.74,295.9,412.5,-49.09,0.064,363.5,338.7,387.8,13.27,12.96293,11.81863,11.5751,11.41323,10.87013,9.146399,8.2766,7.3219,6.3027,5.720266,5.293633,4.947433,4.250933,3.532733,3.1797,3.04
"2025-07-04 08:55:00",60069,22.44,40.72,1.421,242.8,3.53,1.56,24.23,448.1,27.83,-95.8,-47.06,22.82,296,420.3,-48.74,0.062,371.5,339.3,388,13.27,12.9176,11.84473,11.59123,11.43737,10.85833,9.077867,8.242566,7.173166,6.320033,5.651733,5.2933,4.999967,4.163933,3.459767,3.163433,3.041433
"2025-07-04 09:00:00",60070,22.71,40.26,1.251,236.8,11,1.4,24.33,454.6,27.87,-95.3,-47.45,22.83,296,426.8,-47.81,0.061,379,339.9,387.7,13.27,12.82197,11.87103,11.62227,11.42863,10.82703,9.084,8.257366,7.249666,6.343033,5.696,5.325166,5.0886,4.0587,3.385967,3.157733,3.038367
"2025-07-04 09:05:00",60071,23.13,38.86,1.227,246.5,4.726,1.48,24.43,464,28.8,-96.2,-48.55,23.05,296.2,435.2,-47.61,0.062,387.6,340.3,387.9,13.26,12.77277,11.94083,11.705,11.49773,10.81973,9.136433,8.295033,7.2825,6.347933,5.624033,5.374267,5.0929,4.126767,3.3833,3.165367,3.0375
"2025-07-04 09:10:00",60072,23.14,40.01,1.077,175,37.99,1.56,24.56,468.5,27.06,-97.8,-50.24,23.31,296.5,441.4,-47.58,0.058,393.9,340.2,387.7,13.26,13.0062,11.90177,11.72403,11.44003,10.787,9.1517,8.303699,7.301633,6.354333,5.5754,5.360433,5.091367,4.1629,3.380333,3.170133,3.036033
"2025-07-04 09:15:00",60073,23.08,39.69,1,90.9,30.56,2.598,24.69,476,27.04,-98.5,-50.55,23.57,296.7,448.9,-47.95,0.057,401,341,388.9,13.26,13.11973,11.88587,11.68823,11.38603,10.79947,9.183533,8.330067,7.219566,6.3489,5.478333,5.345333,5.1697,4.170667,3.401633,3.142766,3.0379
"2025-07-04 09:20:00",60074,23.28,38.81,2.09,123.8,13.25,3.078,24.83,485.4,28.46,-98.5,-51.78,23.79,296.9,457,-46.76,0.059,410.2,342.3,389,13.26,13.11427,11.80307,11.66413,11.31243,10.80343,9.243533,8.372,7.216899,6.365366,5.444766,5.339767,5.180733,4.163867,3.433167,3.140933,3.037233
"2025-07-04 09:25:00",60075,23.3,38.79,2.313,122.9,10.58,3.797,24.95,492.9,29.11,-98,-51.06,23.76,296.9,463.8,-46.92,0.059,416.9,342.7,389.6,13.25,13.61087,11.91027,11.6221,11.26727,10.8042,9.224933,8.392066,7.2359,6.379867,5.430933,5.320433,5.214333,4.1415,3.4647,3.142633,3.043033
